sum.taxonomy	R2_AS_DB1	R2_AS_DB2	R2_AS_PN1	R2_AS_PN2	R2_BC_DB1	R2_BC_DB2	R2_BC_PN1	R2_BC_PN2	R2_BP_DB2	R2_BP_PN1	R2_BP_PN2	R2_CC_DB1	R2_CC_DB2	R2_CC_PN1	R2_CC_PN2	R2_EV_DB1	R2_EV_DB2	R2_EV_PN1	R2_EV_PN2	R2_GL_DB1	R2_GL_DB2	R2_GL_PN1	R2_GN_DB1	R2_GN_DB2	R2_GN_PN1	R2_GN_PN2	R2_K0541_B2	R2_K0541_K6	R2_K0541_M8	R2_K0541_T9	R2_K0543_C3	R2_K0543_E4	R2_K0543_G5	R2_K0543_L7	R2_K0543_M8	R2_K0543_T9	R2_K0544_A1	R2_K0544_B2	R2_K0544_C3	R2_K0544_E4	R2_K0544_G5	R2_K0544_K6	R2_K0544_L7	R2_K0561_A1	R2_K0561_B2	R2_K0561_C3	R2_K0561_G5	R2_K0561_L7	R2_K0561_M8	R2_K0561_T9	R2_K0562_A1	R2_K0562_B2	R2_K0562_C3	R2_K0562_E4	R2_K0562_G5	R2_K0562_K6	R2_K0562_L7	R2_K0562_M8	R2_K0565_A1	R2_K0565_B2	R2_K0565_C3	R2_K0565_G5	R2_K0565_K6	R2_K0565_L7	R2_K0565_M8	R2_K0565_T9	R2_K0566_A1	R2_K0566_B2	R2_K0566_C3	R2_K0566_G5	R2_K0566_K6	R2_K0566_L7	R2_K0566_M8	R2_K0566_T9	R2_K0567_A1	R2_K0567_A1D	R2_K0567_B2	R2_K0567_C3	R2_K0567_C3D	R2_K0567_E4	R2_K0567_E4D	R2_K0567_G5	R2_K0567_G5D	R2_K0567_K6	R2_K0567_K6D	R2_K0567_L7	R2_K0567_M8	R2_K0567_T9	R2_K0570_A1	R2_K0570_B2	R2_K0570_C3	R2_K0570_E4	R2_K0570_G5	R2_K0570_K6	R2_K0570_L7	R2_K0570_M8	R2_K0781_A1	R2_K0781_B2	R2_K0781_C3	R2_K0781_E4	R2_K0781_G5	R2_K0781_K6	R2_K0781_K6D	R2_K0781_L7	R2_K0781_M8	R2_K0781_T9	R2_K0784_A1	R2_K0784_B2	R2_K0784_B2D	R2_K0784_C3	R2_K0784_E4	R2_K0784_G5	R2_K0784_L7	R2_K0784_M8	R2_K0785_A1	R2_K0785_B2	R2_K0785_C3	R2_K0785_E4	R2_K0785_G5	R2_K0785_K6	R2_K0785_L7	R2_K0785_M8D	R2_K0785_T9	R2_K0786_A1	R2_K0786_B2	R2_K0786_E4	R2_K0786_G5	R2_K0786_K6	R2_K0786_L7	R2_K0786_L7D	R2_K0786_M8	R2_K0786_T9	R2_K0786_T9D	R2_K0789_A1	R2_K0789_B2	R2_K0789_C3	R2_K0789_E4	R2_K0789_G5	R2_K0789_K6	R2_K0789_L7	R2_K0789_M8	R2_K0789_T9	R2_K0796_K6	R2_LB_DB1_River	R2_LB_DB2_Reserve	R2_LB_PN1_River	R2_MW_DB1	R2_MW_DB2	R2_MW_PN1	R2_MW_PN2	R2_SD_DB1	R2_TW_DB1	R2_TW_DB2	R2_TW_PN1	R2_TW_PN2	R2_VW_DB1	R2_VW_DB2	R2_VW_PN1	R2_VW_PN2
Eukaryota;Chordata;Actinopteri;Atheriniformes;Atherinopsidae;NA;	0	0	0	0	0	0	0	0	0	0	0	0	0	0	0	0	40	0	0	0	0	0	0	0	0	0	0	0	0	0	0	0	0	0	0	0	0	0	0	0	0	0	0	0	0	0	0	0	0	0	0	0	0	0	0	0	0	0	0	0	0	0	0	0	0	0	0	0	0	0	0	0	0	0	0	0	0	0	0	0	0	0	0	0	0	0	0	0	0	0	0	0	0	0	0	0	0	0	0	0	0	0	0	0	0	0	0	0	0	0	0	0	0	0	0	0	0	0	0	45	0	0	0	0	0	0	0	0	0	0	0	0	0	0	0	0	0	0	0	0	0	0	0	82	0	0	0	0	0	0	184	0	0	0	0	0	0	0	0
Eukaryota;Chordata;Actinopteri;Atheriniformes;Atherinopsidae;Odontesthes;	0	0	0	0	0	0	0	0	0	0	0	0	0	0	0	0	0	0	0	0	0	0	0	0	0	0	0	0	0	0	0	0	0	199	7956	0	0	0	0	0	0	0	0	0	0	0	0	0	0	0	0	0	0	0	0	0	0	0	0	0	0	0	0	0	0	0	0	0	0	0	0	0	0	0	0	0	0	0	0	0	0	0	0	0	0	0	0	0	0	0	0	0	0	0	0	0	0	0	0	0	0	0	0	0	0	0	0	0	0	0	0	0	0	0	0	0	0	0	0	0	0	0	0	0	0	0	0	0	0	0	0	0	0	0	0	0	0	0	0	0	0	0	0	1137	138	1508	0	0	0	0	0	0	0	0	0	0	0	0	0
Eukaryota;Chordata;Actinopteri;Centrarchiformes;Centrarchidae;Lepomis;Lepomis cyanellus	0	0	0	0	878	512	48	3417	1050	2129	1793	0	0	0	0	2011	1851	16	0	0	0	0	0	549	0	0	18	0	0	0	0	0	0	0	0	0	0	0	0	206	0	0	0	0	0	0	0	0	0	0	0	0	0	0	0	0	334	460	0	0	0	0	0	0	0	0	0	0	0	1282	0	0	0	134	0	0	1287	5158	59	0	0	0	0	0	0	1377	0	0	0	0	2497	0	0	557	0	3	0	0	0	0	0	0	0	0	0	0	0	0	0	0	0	0	0	0	0	0	0	0	0	20	0	0	0	0	0	0	2205	0	0	0	0	0	0	0	0	27	0	0	0	0	0	1	0	0	0	0	70	0	11	6	31	0	0	0	0	0	0	0	0
Eukaryota;Chordata;Actinopteri;Centrarchiformes;Centrarchidae;Micropterus;	0	0	0	0	3	0	0	0	0	0	0	0	0	0	0	0	0	0	0	0	0	0	0	0	0	5	0	0	0	0	0	0	0	0	0	0	0	0	0	0	0	0	0	0	0	0	0	0	0	0	0	0	0	0	0	0	0	7	0	0	0	0	0	0	0	0	0	0	0	0	0	0	0	0	0	0	0	0	0	0	0	0	0	0	0	0	0	0	0	0	0	0	0	0	0	0	0	0	0	0	0	0	0	0	0	0	0	0	0	0	0	0	0	0	0	0	0	0	0	0	0	0	0	0	0	0	0	0	0	0	0	0	0	0	0	0	0	0	0	0	0	0	0	0	0	0	0	0	0	0	5	0	0	0	0	0	0	0	0
Eukaryota;Chordata;Actinopteri;Centrarchiformes;Centrarchidae;Micropterus;Micropterus floridanus	0	0	0	0	122	0	0	96	19	0	0	0	0	0	0	0	0	0	0	0	0	0	0	22	0	71	0	0	0	0	0	0	0	0	0	0	0	0	0	0	0	0	0	0	0	0	0	0	0	0	0	0	0	0	0	0	0	362	0	0	0	0	0	0	0	0	0	0	0	0	0	0	0	0	0	0	0	0	0	0	0	0	0	0	0	0	0	0	0	0	0	0	0	0	0	0	0	0	0	0	0	0	0	0	0	0	0	0	0	0	0	0	0	0	0	0	0	0	0	0	0	0	0	0	0	0	0	0	0	0	0	0	0	0	0	0	0	0	0	0	0	0	0	0	0	0	0	0	0	0	346	28	0	0	0	0	0	0	0
Eukaryota;Chordata;Actinopteri;Centrarchiformes;Centrarchidae;NA;	0	0	0	0	0	1	0	1	0	3	0	0	0	0	0	2	1	0	0	0	0	0	0	0	0	0	1	0	0	0	0	0	0	0	0	0	0	0	0	0	0	0	0	0	0	0	0	0	0	0	0	0	0	0	0	0	0	1	0	0	0	0	0	0	0	0	0	0	0	3	0	0	0	0	0	0	4	1	0	0	0	0	0	0	0	0	0	0	0	0	1	0	0	0	0	0	0	0	0	0	0	0	0	0	0	0	0	0	0	0	0	0	0	0	0	0	0	0	0	0	0	0	0	0	0	0	1	0	0	0	0	0	0	0	0	0	0	0	0	0	0	0	0	0	0	0	0	0	0	0	0	0	0	0	0	0	0	0	0
Eukaryota;Chordata;Actinopteri;Cichliformes;Cichlidae;NA;	0	0	0	0	4880	2490	2920	1522	0	0	315	95	0	165	0	55	33	0	0	0	0	0	0	15	0	0	143	0	0	4	0	106	0	0	0	0	0	0	0	415	0	0	0	4079	0	0	0	0	0	0	0	0	0	0	0	0	0	0	0	0	0	0	0	0	0	0	0	745	0	2503	2169	0	0	0	0	0	1	0	0	0	0	0	0	0	0	0	0	0	0	0	0	0	0	0	0	86	10068	3938	0	7369	363	0	0	284	0	902	0	0	0	0	0	0	0	0	0	0	1441	0	0	1427	0	0	0	0	0	0	0	0	0	0	0	0	0	0	0	6	0	0	0	0	0	0	0	21	0	0	21	0	0	0	6723	0	0	0	1	0	0	0	0
Eukaryota;Chordata;Actinopteri;Cichliformes;Cichlidae;Oreochromis;Oreochromis sp. red tilapia	0	0	0	0	11	4	33	0	0	0	0	0	0	0	0	0	0	0	0	0	0	0	0	0	0	0	0	0	0	0	0	1	0	0	0	0	0	0	0	1	0	0	0	0	0	0	0	0	0	0	0	0	0	0	0	0	0	0	0	0	0	0	0	0	0	0	0	0	0	0	0	0	0	0	0	0	0	0	0	0	0	0	0	0	0	0	0	0	0	0	0	0	0	0	0	0	12	6	0	0	2	0	0	0	0	4	0	0	0	0	0	0	0	0	0	0	0	0	0	4	0	0	0	0	0	0	0	0	0	0	0	0	0	0	0	0	0	0	0	0	0	0	0	0	0	0	0	0	0	0	2	0	0	0	0	0	0	0	0
Eukaryota;Chordata;Actinopteri;Cypriniformes;Catostomidae;NA;	0	0	0	0	0	0	0	0	0	0	0	0	0	0	0	0	0	0	0	0	0	0	0	0	0	0	0	0	0	0	0	0	0	0	0	0	0	0	0	0	0	0	0	0	0	0	0	0	0	0	0	0	0	0	0	0	0	0	0	0	0	0	0	0	0	0	0	0	0	0	0	0	0	0	0	0	0	0	0	0	0	0	0	0	0	0	0	0	0	0	0	0	0	0	0	0	0	0	0	0	0	0	0	0	0	0	0	0	689	1110	0	0	0	0	174	0	0	5	0	0	0	0	0	0	0	0	0	0	0	0	0	0	0	0	0	0	0	0	0	0	0	0	0	0	0	0	0	0	0	0	0	351	0	0	600	0	0	0	0
Eukaryota;Chordata;Actinopteri;Cypriniformes;Cobitidae;Misgurnus;Misgurnus anguillicaudatus	0	0	0	0	0	0	0	0	283	0	249	0	0	0	0	26	598	0	0	0	0	0	0	54	0	0	0	0	0	0	0	0	127	0	0	0	0	0	0	13	0	0	0	0	0	0	0	0	0	0	0	0	0	0	0	0	0	108	0	0	0	0	0	0	0	0	0	0	0	0	0	0	0	0	195	1618	12695	0	3730	0	0	2091	550	0	3574	0	0	0	0	0	3546	0	0	0	0	0	0	0	0	0	0	0	0	0	0	1	0	0	0	0	0	0	0	0	0	0	0	0	0	0	0	0	0	540	0	0	0	625	0	1069	139	0	0	0	0	0	0	0	0	0	0	0	5960	0	0	0	47	0	7	0	0	0	0	0	0	0	0	0	0
Eukaryota;Chordata;Actinopteri;Cypriniformes;Cobitidae;NA;	0	0	0	0	0	0	0	0	2	0	2	0	0	0	0	0	7	0	0	0	0	0	0	0	0	0	0	0	0	0	0	0	0	0	0	0	0	0	0	2	0	0	0	0	0	0	0	0	0	0	0	0	0	0	0	0	0	2	0	0	0	0	0	0	0	0	0	0	0	0	0	0	0	0	0	6	14	0	0	0	0	5	0	0	3	0	0	0	0	0	26	0	0	0	0	0	0	0	0	0	0	0	0	0	0	0	0	0	0	0	0	0	0	0	0	0	0	0	0	0	0	0	0	5	0	0	0	8	0	8	0	0	0	0	0	0	0	0	0	0	0	0	7	0	0	0	0	0	0	0	0	0	0	0	0	0	0	0	0
Eukaryota;Chordata;Actinopteri;Cypriniformes;Cyprinidae;Acrossocheilus;	0	0	0	0	0	0	0	0	1	0	0	0	0	0	0	2	12	0	4	0	0	0	20	0	7	1	0	0	0	0	0	0	0	0	0	0	0	0	0	0	0	0	0	0	0	0	0	0	0	0	0	0	0	0	0	0	0	0	0	0	0	0	0	0	0	1	0	0	0	0	0	0	0	0	0	0	1	0	0	0	0	0	0	0	1	0	0	1	2	0	0	0	0	0	0	0	0	0	0	0	0	0	0	0	0	0	0	0	0	0	0	0	0	0	0	1	0	0	0	0	0	0	0	0	0	0	0	0	0	0	0	0	0	0	0	0	0	0	0	0	0	0	19	0	0	0	0	0	0	0	0	0	0	0	0	0	0	0	0
Eukaryota;Chordata;Actinopteri;Cypriniformes;Cyprinidae;Carassius;	0	0	0	0	0	0	0	0	301	0	95	0	0	0	0	0	250	0	0	0	0	0	0	73	0	0	0	0	0	0	0	0	0	0	0	0	0	0	0	0	0	0	0	0	0	0	0	0	0	0	0	0	0	0	0	0	124	30	0	0	0	0	0	0	0	0	0	0	0	0	0	0	0	0	0	1	0	0	0	0	0	0	0	152	0	0	0	0	0	0	0	0	0	0	0	0	0	0	0	0	0	0	0	0	0	0	0	0	0	0	0	0	0	0	0	0	0	0	0	0	0	0	0	138	0	0	0	0	0	0	0	0	0	0	0	0	0	0	0	0	0	0	0	0	0	0	0	0	0	0	0	0	0	0	0	0	0	0	0
Eukaryota;Chordata;Actinopteri;Cypriniformes;Cyprinidae;Cyprinus;Cyprinus carpio	0	0	0	0	0	0	0	0	35	11	49	0	0	0	0	16	49	5	1	0	0	0	0	15	2	0	0	0	0	0	0	0	1	0	0	0	0	0	0	0	0	0	0	0	0	0	0	0	0	0	0	0	0	0	0	0	16	80	0	0	0	0	0	0	0	0	0	0	0	0	0	0	0	0	13	1	0	0	0	0	0	0	0	0	0	0	0	14	1	0	17	0	0	2	0	0	0	0	0	0	0	0	0	0	0	0	0	0	0	0	0	0	0	0	0	0	0	0	0	0	0	0	0	1	0	9	0	5	0	0	0	0	0	0	0	1	0	0	0	0	0	0	0	0	0	0	1	1	0	1	7	0	0	0	0	0	0	0	0
Eukaryota;Chordata;Actinopteri;Cypriniformes;Cyprinidae;NA;	0	0	0	0	2105	996	28	181	6772	1480	1963	0	0	0	60	4225	7715	1067	1729	0	0	0	103	4865	1991	53	8	0	0	0	0	1	789	0	2	0	0	0	0	99	1001	523	0	1	0	0	0	0	0	0	1	0	0	0	0	17	647	4860	15	84	0	59	0	78	0	761	0	47	1	0	4	0	0	0	6810	8675	1595	23	548	4782	2211	19	0	0	1777	1010	546	1069	6457	207	3440	11	0	947	700	0	2529	0	0	0	1	0	0	0	0	358	0	0	0	1445	0	0	0	1	0	1694	0	0	0	164	0	0	0	207	20	5599	271	801	94	1	1100	0	16	0	0	29	0	0	0	0	0	0	7405	1909	68	167	1687	339	243	124	1104	210	0	0	0	0	0	0	0
Eukaryota;Chordata;Actinopteri;Cypriniformes;Cyprinidae;Pimephales;Pimephales promelas	0	0	0	0	16	0	0	0	3126	929	4017	0	0	0	0	910	2945	295	186	0	0	0	0	569	745	0	17	0	0	0	0	0	312	0	0	0	0	6	0	174	0	0	0	0	0	0	0	0	0	0	0	0	0	0	0	27	2373	4771	157	0	0	0	0	0	0	0	0	0	0	0	0	0	0	0	583	0	0	1101	0	0	0	1272	0	0	0	0	0	3629	362	549	3243	1228	0	1076	0	0	0	0	0	0	0	0	0	0	0	0	0	0	0	0	0	0	0	0	0	0	0	0	0	0	0	0	0	581	0	380	1141	1047	0	0	0	0	0	0	1	35	0	0	0	0	0	0	0	0	0	0	151	53	25	350	459	0	0	0	0	0	0	0	0
Eukaryota;Chordata;Actinopteri;Cypriniformes;Cyprinidae;Rhinichthys;Rhinichthys osculus	0	0	0	0	0	0	0	0	0	0	0	0	0	0	0	0	0	0	0	0	0	0	0	0	0	0	0	0	0	0	0	0	0	0	0	0	0	0	0	0	0	0	0	0	0	0	0	0	0	0	0	0	0	0	0	0	0	0	0	0	0	0	0	0	0	0	0	0	0	0	0	0	0	0	0	0	0	0	0	0	0	0	0	0	0	0	0	0	0	0	0	0	0	0	0	0	0	0	0	0	0	0	0	0	0	0	0	0	0	666	0	0	0	0	0	0	0	0	0	0	0	0	0	0	0	0	0	0	0	0	0	0	0	0	0	0	0	0	0	0	0	0	0	0	0	0	0	0	0	0	0	0	0	8	0	0	0	0	0
Eukaryota;Chordata;Actinopteri;Cypriniformes;NA;;	0	0	0	0	0	0	0	0	0	0	0	0	0	0	0	0	1	1	0	0	0	0	0	0	0	0	0	0	0	0	0	0	0	0	0	0	0	0	0	0	0	0	0	0	0	0	0	0	0	0	0	0	0	0	0	0	0	1	0	0	0	0	0	0	0	0	0	0	0	0	0	0	0	0	0	0	6	0	4	0	0	1	0	0	6	0	0	0	0	0	2	0	0	0	0	0	0	0	0	0	0	0	0	0	0	0	0	0	0	0	0	0	0	0	0	0	0	0	0	0	0	0	0	3	0	0	0	0	0	1	0	0	0	0	0	0	0	0	0	0	0	0	0	0	0	0	0	0	0	0	0	0	0	0	0	0	0	0	0
Eukaryota;Chordata;Actinopteri;Cyprinodontiformes;Aphaniidae;Aphanius;	0	0	0	0	5	2	5	0	0	0	0	0	0	0	0	0	0	0	0	0	0	0	0	0	0	0	0	0	0	0	0	0	0	0	0	0	0	0	0	0	0	0	0	0	0	0	0	0	0	0	0	0	0	0	0	0	0	0	0	0	0	0	0	0	0	0	0	0	0	0	3	0	0	0	0	0	0	0	0	0	0	0	0	0	0	0	0	0	0	0	0	0	0	0	0	0	5	0	0	0	0	0	0	0	0	0	0	0	0	0	0	0	0	0	0	0	0	0	0	0	0	0	0	0	0	0	0	0	0	0	0	0	0	0	0	0	0	0	0	0	0	0	0	0	0	0	0	0	0	0	0	0	0	0	5	0	0	0	0
Eukaryota;Chordata;Actinopteri;Cyprinodontiformes;Poeciliidae;Gambusia;	0	0	0	0	1743	699	844	256	73	0	0	626	1180	400	106	0	171	0	0	0	0	0	0	129	0	0	0	0	0	0	0	0	1489	0	0	0	45	1057	17	0	2697	1084	0	0	0	0	0	0	0	0	0	0	0	0	0	0	0	0	335	0	0	0	0	0	0	0	0	25	0	0	0	0	0	0	0	0	0	0	0	0	0	0	0	0	4539	0	0	0	657	0	3084	0	0	0	0	0	6883	2085	10370	0	3573	2769	672	0	0	0	0	0	0	52	0	0	0	0	0	0	0	0	0	0	0	0	0	0	0	0	0	0	0	0	0	0	0	0	0	0	0	0	0	0	0	0	0	119	0	0	281	0	29	0	385	155	1087	0	853	0	0	0	0
Eukaryota;Chordata;Actinopteri;Gobiiformes;Gobiidae;Acanthogobius;Acanthogobius flavimanus	0	0	0	0	0	0	0	0	0	0	0	0	0	0	0	0	0	0	0	0	0	0	0	0	0	0	0	0	0	0	0	0	0	22	1001	0	0	0	0	0	0	0	0	0	0	0	0	0	0	0	0	0	0	0	0	0	0	0	0	0	0	0	0	0	0	0	0	0	0	0	0	0	0	0	0	0	0	0	0	0	0	0	0	0	0	0	0	0	0	0	0	0	0	0	0	0	0	0	0	0	0	0	0	0	0	0	0	0	0	0	0	0	0	0	0	0	0	0	0	0	0	0	0	0	0	0	0	0	0	0	0	0	0	0	0	0	0	0	0	0	0	0	0	0	0	0	0	0	0	0	0	0	0	0	0	0	0	0	0
Eukaryota;Chordata;Actinopteri;Lutjaniformes;Haemulidae;Pomadasys;Pomadasys kaakan	0	0	0	0	0	0	0	0	0	0	0	0	0	0	0	0	0	0	0	0	0	0	0	0	0	0	0	0	0	0	0	0	0	0	0	0	0	0	0	0	0	0	0	0	0	0	0	0	0	0	0	0	0	0	0	0	0	0	0	0	0	0	0	0	0	0	0	0	0	0	0	0	0	0	0	0	0	0	0	0	0	0	0	0	0	0	0	0	0	0	0	0	0	0	0	0	0	0	0	0	0	0	0	0	0	0	0	0	0	0	0	0	0	0	0	0	0	0	0	0	0	0	0	0	0	0	0	0	0	0	0	0	0	0	0	0	0	0	0	0	0	0	0	13	31	29	0	0	0	0	0	0	0	0	0	0	0	0	0
Eukaryota;Chordata;Actinopteri;Mugiliformes;Mugilidae;Mugil;	0	0	0	0	0	0	0	0	0	0	0	0	0	0	0	0	0	0	0	0	0	0	0	0	0	0	0	0	0	5	0	0	0	0	52	0	0	0	0	0	0	0	48	0	0	0	0	0	0	0	0	0	0	0	0	0	0	0	0	0	0	0	0	0	0	0	0	0	0	0	0	0	0	0	0	0	0	0	0	0	0	0	0	0	0	0	0	0	0	0	0	0	0	0	0	0	0	0	0	0	0	0	0	0	0	0	0	0	0	0	0	0	0	0	0	0	0	0	0	0	0	0	0	0	0	0	0	0	0	0	0	0	0	0	0	0	0	0	0	0	0	0	0	925	1475	203	0	0	0	0	0	0	0	0	0	0	0	0	0
Eukaryota;Chordata;Actinopteri;NA;;NA;	0	0	0	0	26	15	5	0	0	0	0	0	1	1	0	1	0	8	0	0	0	0	0	0	0	0	0	0	0	0	0	0	0	1	45	0	0	1	0	0	0	0	0	0	0	0	0	0	0	0	0	0	0	0	0	0	1	1	0	0	0	0	0	0	0	0	0	6	0	54	37	0	0	0	0	0	1	1	3	0	0	19	10	0	21	0	0	0	0	0	1	0	0	0	0	0	258	2	0	2	1	0	0	0	18	0	0	0	0	0	0	0	0	0	0	0	0	0	0	0	0	0	0	0	0	0	0	0	0	0	0	0	0	0	0	0	0	0	0	0	0	0	1	6	15	15	0	0	0	0	29	0	0	0	0	0	0	0	0
Eukaryota;Chordata;Actinopteri;NA;Embiotocidae;NA;	0	0	0	0	0	0	0	0	0	0	0	0	0	0	0	0	0	0	0	0	0	0	0	0	0	0	0	0	0	0	0	0	0	0	0	0	0	0	0	0	0	49	0	0	0	0	0	0	0	0	0	23	0	0	0	0	0	0	0	0	0	0	0	0	0	0	0	390	0	0	0	0	0	0	0	0	0	0	0	0	0	0	0	0	0	0	0	0	0	0	0	0	0	0	0	0	0	0	0	0	0	0	0	0	3214	0	0	0	0	0	0	0	0	0	1	0	0	0	0	0	0	0	0	0	0	0	0	0	0	0	0	0	0	0	0	0	0	0	0	0	0	0	0	0	0	0	0	0	0	0	0	0	0	0	0	0	0	0	0
Eukaryota;Chordata;Actinopteri;NA;Sciaenidae;NA;	0	0	0	0	0	0	0	0	0	0	0	0	0	0	0	0	0	0	0	0	0	0	0	0	0	0	22	0	0	0	0	13	0	0	11	0	0	0	0	22	0	0	0	0	0	0	0	0	0	0	0	0	0	0	0	0	0	0	0	0	0	0	0	0	0	0	0	0	0	0	0	0	0	0	0	0	0	0	0	0	0	0	0	0	0	0	0	0	0	0	0	0	0	0	0	0	0	0	0	0	0	0	0	0	0	0	0	0	0	0	0	0	0	0	0	0	0	0	0	0	0	0	0	0	0	0	0	0	0	0	0	0	0	0	0	0	0	0	0	0	0	0	0	168	1425	5	0	0	0	0	0	0	0	0	0	0	0	0	0
Eukaryota;Chordata;Actinopteri;Pleuronectiformes;Pleuronectidae;NA;	0	0	0	0	0	0	0	0	0	0	0	0	0	0	0	0	0	0	0	0	0	0	0	0	0	0	0	0	0	0	0	0	0	13	583	0	0	0	0	0	0	0	0	0	0	0	0	0	0	0	0	0	0	0	0	0	0	0	0	0	0	0	0	0	0	0	0	0	0	0	0	0	0	0	0	0	0	0	0	0	0	0	0	0	0	0	0	0	0	0	0	0	0	0	0	0	0	0	0	0	0	0	0	0	0	0	0	0	0	0	0	0	0	0	0	0	0	0	0	0	0	0	0	0	0	0	0	0	0	0	0	0	0	0	0	0	0	0	0	0	0	0	0	0	0	0	0	0	0	0	0	0	0	0	0	0	0	0	0
Eukaryota;Chordata;Actinopteri;Polymixiiformes;Polymixiidae;Polymixia;Polymixia berndti	0	0	1	0	0	0	0	0	0	0	0	0	0	0	0	1	1	0	0	0	0	0	2	0	0	0	1	0	0	1	0	14	0	0	3	0	0	0	0	1	0	0	0	0	0	0	0	0	1	0	0	0	0	0	0	2	0	0	0	0	0	0	0	0	0	0	0	0	0	0	1	2	0	5	0	0	0	0	0	0	0	0	0	0	0	0	0	0	0	0	0	0	0	0	0	0	0	0	0	0	0	0	0	0	0	0	0	0	0	0	0	0	0	0	0	0	0	1	0	0	0	0	0	0	0	0	0	0	0	0	0	0	0	0	0	0	1	0	0	0	1	0	0	0	0	1	0	5	0	0	0	0	0	0	0	0	0	0	1
Eukaryota;Chordata;Actinopteri;Salmoniformes;Salmonidae;Oncorhynchus;	0	0	12	0	0	0	0	0	0	0	0	0	0	0	0	0	9	0	205	0	0	0	0	0	0	0	0	0	0	0	0	0	0	0	0	0	0	0	0	0	0	0	0	0	0	0	0	0	0	0	0	0	0	0	0	0	0	0	0	0	0	0	0	0	0	0	0	0	0	0	0	0	0	0	0	0	0	0	0	0	0	0	0	0	0	0	0	0	0	0	0	0	0	0	0	0	0	0	0	0	0	0	0	0	0	0	0	0	0	0	0	0	0	0	0	0	0	0	0	0	0	0	0	0	0	0	0	0	0	0	0	0	0	0	0	0	0	0	0	0	0	0	0	0	0	0	0	0	0	0	0	0	0	0	0	0	0	0	0
Eukaryota;Chordata;Actinopteri;Siluriformes;Ictaluridae;Ictalurus;	0	0	0	0	0	0	0	0	0	0	0	0	0	0	0	0	145	0	0	0	0	0	0	0	0	0	0	0	0	0	0	0	0	0	0	0	0	0	0	0	0	0	0	0	0	0	0	0	0	0	0	0	0	0	0	0	0	0	0	0	0	0	0	0	0	0	0	0	0	0	0	0	0	0	0	0	8990	0	0	0	0	0	0	0	0	0	0	0	0	127	0	0	0	0	0	0	0	0	0	0	0	0	0	0	0	0	0	0	0	0	0	0	0	0	0	0	0	0	0	0	0	0	0	0	0	0	0	0	0	0	0	0	0	0	0	0	0	0	0	0	0	0	0	0	0	0	0	0	0	0	0	0	0	0	0	0	0	0	0
Eukaryota;Chordata;Actinopteri;Siluriformes;Ictaluridae;NA;	0	0	0	0	0	0	0	0	0	0	0	0	0	0	0	0	0	0	0	0	0	0	0	0	0	0	0	0	0	0	0	0	0	0	0	0	0	0	0	0	0	0	0	0	0	0	0	0	0	0	0	0	0	0	0	0	0	0	0	0	0	0	0	0	0	0	0	0	0	0	0	0	0	0	0	0	79	0	0	0	0	0	0	0	0	0	0	0	0	3	0	0	0	0	0	0	0	0	0	0	0	0	0	0	0	0	0	0	0	0	0	0	0	0	0	0	0	0	0	0	0	0	0	0	0	0	0	0	0	0	0	0	0	0	0	0	0	0	0	0	0	0	0	0	0	0	0	0	0	0	0	0	0	0	0	0	0	0	0
Eukaryota;Chordata;Actinopteri;Siluriformes;Loricariidae;Pterygoplichthys;	0	0	0	0	0	0	0	0	0	0	0	0	0	0	0	0	0	0	0	0	0	0	0	0	0	0	0	0	0	0	0	0	0	0	0	0	0	0	0	0	0	0	0	0	0	0	0	0	0	0	0	0	0	0	0	0	0	0	0	0	0	0	0	0	0	0	0	0	0	0	0	0	0	0	0	0	0	0	0	0	0	0	0	0	0	0	0	0	0	0	0	0	0	0	0	0	124	0	0	0	0	0	0	0	0	0	0	0	0	0	0	0	0	0	0	0	0	0	0	0	0	0	0	0	0	0	0	0	0	0	0	0	0	0	0	0	0	0	0	0	0	0	0	1	0	0	0	0	0	0	544	0	0	0	0	0	0	0	0
Eukaryota;Chordata;Actinopteri;Siluriformes;NA;;	0	0	0	0	1098	259	161	724	139	20	0	0	0	0	0	0	287	0	0	0	0	0	0	68	0	0	403	0	0	20	0	369	156	0	0	0	0	0	0	697	0	0	0	0	0	0	0	0	0	0	0	0	0	0	0	0	0	357	0	0	0	0	0	0	0	0	0	129	0	71	1141	0	0	0	0	0	14	0	0	0	0	0	0	0	0	0	0	0	0	162	0	0	0	0	0	296	776	0	0	0	0	0	0	223	0	0	0	0	0	0	0	0	0	0	0	0	6601	0	0	0	0	0	0	0	0	0	0	0	0	0	0	0	0	0	0	7	0	0	0	0	0	0	0	0	0	0	8	37	0	0	603	0	0	0	1	0	0	0	0
Eukaryota;Chordata;Amphibia;Anura;Bufonidae;Anaxyrus;	0	0	0	0	0	69	0	0	0	0	0	0	0	0	0	0	0	0	0	0	0	0	0	0	0	0	0	0	0	0	0	0	0	0	0	0	0	0	0	0	0	0	0	0	0	0	0	0	0	0	0	0	0	0	0	0	0	0	0	0	0	0	0	0	0	0	0	0	98	0	0	0	0	0	0	0	0	0	0	0	0	0	0	0	0	0	0	0	0	0	0	0	0	0	0	0	0	0	0	0	0	0	0	0	0	0	0	0	0	0	0	0	0	0	0	0	0	0	0	0	0	0	0	0	0	0	0	0	0	0	0	0	0	151	0	0	0	0	7	0	0	0	0	0	0	0	0	0	0	0	0	0	0	0	0	0	0	0	0
Eukaryota;Chordata;Amphibia;Anura;Hylidae;NA;	48	3004	0	0	0	0	0	0	0	0	0	0	0	0	0	0	0	0	0	0	0	0	0	0	0	0	0	0	0	0	0	0	0	0	0	0	0	0	0	0	0	0	0	0	0	3114	0	0	0	0	0	0	0	0	0	0	0	0	0	0	0	0	0	0	0	0	0	0	0	0	0	0	0	0	0	0	0	0	0	0	0	0	0	0	0	0	0	0	0	0	0	0	0	0	0	0	0	0	0	0	0	0	0	0	0	0	0	0	0	0	0	0	0	0	0	0	0	0	0	0	0	0	0	0	0	0	0	0	0	0	0	0	0	0	0	0	0	0	0	0	0	0	0	0	0	0	0	0	0	0	0	0	0	0	0	0	0	0	0
Eukaryota;Chordata;Amphibia;Anura;NA;;	0	3	0	0	0	0	0	0	0	0	1	0	0	0	0	0	0	0	0	0	0	0	0	0	0	0	1	0	0	0	0	0	0	0	0	0	0	0	0	0	0	0	1	0	0	19	0	1	0	0	0	0	0	0	0	0	0	0	0	0	0	0	0	0	0	0	0	0	2	0	0	0	0	0	0	0	0	0	0	0	0	0	0	0	1	0	0	0	0	0	0	0	0	0	0	0	0	0	0	0	0	0	0	0	0	1	0	0	0	0	0	0	0	0	0	0	0	0	0	0	0	0	0	0	0	0	0	0	0	0	0	0	0	0	0	0	0	0	0	0	0	0	0	0	0	0	0	0	0	0	0	0	0	0	0	0	0	0	0
Eukaryota;Chordata;Amphibia;Anura;Pipidae;Xenopus;	0	0	0	0	0	0	0	0	0	0	0	72	5153	191	49	0	0	0	0	0	0	0	0	0	0	0	0	0	0	0	0	0	3760	0	0	0	2082	423	36	0	4471	325	0	0	0	0	0	0	0	0	0	0	0	0	0	0	0	0	0	0	0	0	0	0	0	0	0	0	0	0	0	0	0	0	0	0	0	0	0	0	0	0	0	0	0	0	0	0	0	0	0	0	0	0	0	0	0	0	0	0	0	0	0	0	0	0	0	0	0	0	0	0	0	0	0	0	0	0	0	0	0	0	0	0	0	0	0	0	0	0	0	0	0	0	0	0	0	0	0	0	0	0	0	0	0	0	0	0	0	0	0	0	0	0	0	0	0	0	0
Eukaryota;Chordata;Amphibia;Anura;Ranidae;Rana;	0	0	0	0	0	0	0	2	0	0	0	0	0	0	0	0	1	0	0	0	0	0	0	0	0	0	0	0	0	0	0	0	0	0	0	0	0	0	0	0	0	0	0	0	0	0	0	0	0	0	0	0	0	0	0	0	0	0	0	0	0	0	0	0	0	0	0	0	0	0	0	0	0	0	0	0	0	0	0	0	0	0	0	0	0	0	0	0	0	0	0	0	0	0	0	0	1	0	0	0	0	2	149	0	62	0	0	0	0	0	0	0	0	0	0	0	0	0	0	0	0	0	1	0	0	0	0	0	0	0	0	0	0	0	0	0	0	0	0	0	0	0	0	0	0	0	0	0	0	0	0	0	0	0	0	0	0	0	0
Eukaryota;Chordata;Aves;Accipitriformes;Accipitridae;NA;	0	0	0	0	3	1	5	0	0	0	0	0	0	0	0	0	0	0	0	0	0	0	0	0	0	0	9	0	0	0	0	7	0	0	0	0	0	0	0	19	0	0	0	0	0	0	0	0	0	0	0	0	0	6	0	0	0	0	1	0	0	4	0	0	0	0	0	0	0	1	0	0	0	0	0	0	0	0	0	0	0	0	0	0	0	0	1	0	0	0	0	0	0	0	0	0	0	0	0	0	0	0	0	0	0	6	0	0	0	0	0	0	0	0	0	0	1	0	0	0	0	0	0	0	0	0	0	0	0	0	0	0	0	0	0	0	0	0	0	0	0	0	0	0	0	0	0	0	0	0	4	0	0	0	0	0	0	0	0
Eukaryota;Chordata;Aves;Anseriformes;Anatidae;Alopochen;Alopochen aegyptiaca	0	0	0	0	0	0	0	0	0	0	0	0	0	0	0	0	0	0	0	0	0	0	0	32	0	0	0	0	0	0	0	0	0	0	0	0	0	0	0	0	0	0	0	0	0	0	0	0	0	0	0	0	0	0	0	0	0	0	0	0	0	0	0	0	0	0	0	0	0	0	0	0	0	0	0	0	0	0	0	0	0	0	0	0	0	0	1130	0	0	0	0	0	0	0	0	0	0	0	0	0	0	0	0	0	0	0	0	0	0	0	0	0	0	0	0	0	0	0	0	0	0	0	0	0	0	0	0	0	0	0	0	0	0	0	0	0	0	0	0	0	0	0	0	0	0	0	0	0	0	0	0	0	0	0	0	0	0	0	0
Eukaryota;Chordata;Aves;Anseriformes;Anatidae;Anas;	0	0	0	0	1	0	4	1	7	0	0	0	168	0	1	1	0	100	0	0	0	0	0	0	0	0	12	0	0	3	0	1	0	13	0	91	1	0	0	4	0	0	0	0	0	0	0	0	0	0	0	0	0	0	0	0	0	1	0	0	0	1	0	1	0	0	0	1	0	0	0	0	0	0	2438	12	1	0	0	0	3	0	0	0	0	0	0	0	2	0	496	0	0	0	8	0	0	0	0	0	0	0	0	0	0	25	0	6	628	4	0	0	0	0	1257	897	1	1131	596	0	9829	0	0	0	1	0	3	395	530	2	985	8	0	0	0	0	0	0	0	0	0	0	3	0	1	0	0	0	0	0	0	179	1	0	2374	0	11	0	0
Eukaryota;Chordata;Aves;Anseriformes;Anatidae;NA;	0	0	0	0	1141	299	2025	143	195	0	35	49	957	0	52	284	467	285	0	0	0	0	0	234	9	0	1299	0	0	752	0	2171	0	7950	260	936	465	0	62	3800	0	169	42	0	0	0	0	0	0	0	0	0	5	188	0	148	782	1868	2262	5397	199	6044	20092	95	201	451	0	592	0	96	1389	2	0	0	3570	15811	1028	1030	0	0	6491	0	0	0	0	468	4	1766	5822	1473	28814	72	37	308	9939	114	0	5340	119	0	0	0	0	0	0	26731	0	3809	5861	1630	0	0	0	0	10539	7	1235	2778	9674	916	3823	0	1	34	1530	128	7282	6019	9802	2343	2753	12305	376	0	0	0	0	0	0	0	0	0	4563	169	690	0	609	30	155	0	332	463	656	2108	4	0	10572	0	0
Eukaryota;Chordata;Aves;Anseriformes;Anatidae;Nomonyx;Nomonyx dominica	0	0	0	0	0	0	0	0	0	0	0	0	0	0	0	0	0	0	0	0	0	0	0	0	0	0	1	0	0	0	0	3	0	4	0	0	0	0	0	10	0	0	0	0	0	0	0	0	0	0	0	0	0	0	0	0	0	0	0	10	0	1	0	0	0	0	0	0	0	0	0	0	0	0	4	0	0	0	0	0	0	0	0	0	0	0	0	0	0	0	0	0	0	0	0	0	0	0	0	0	0	0	0	0	0	0	0	0	0	0	0	0	0	0	0	0	0	0	0	0	0	0	0	0	0	0	0	0	0	2	2	0	0	0	0	0	0	0	0	0	0	0	0	0	0	0	0	0	0	0	0	0	0	0	0	0	0	0	0
Eukaryota;Chordata;Aves;Anseriformes;Anatidae;Pteronetta;Pteronetta hartlaubii	0	0	0	0	0	0	0	0	0	0	0	0	0	0	0	0	0	0	0	0	0	0	0	0	0	0	0	0	0	0	0	0	0	0	0	0	0	0	0	0	0	0	0	0	0	0	0	0	0	0	0	0	0	0	0	0	0	0	0	10	0	1	0	0	0	3	0	0	0	0	0	0	0	0	0	0	0	0	0	0	0	0	0	0	0	0	0	0	0	0	0	0	0	0	0	0	0	0	0	0	0	0	0	0	0	0	0	0	0	0	0	0	0	0	0	0	0	0	0	0	0	0	0	0	0	0	0	0	0	0	0	0	0	0	0	0	0	0	0	0	0	0	0	0	0	0	4	0	4	0	0	0	0	0	0	0	0	0	0
Eukaryota;Chordata;Aves;Anseriformes;Anatidae;Thalassornis;Thalassornis leuconotus	0	0	0	0	0	0	0	0	0	0	0	0	1	0	0	0	0	0	0	0	0	0	0	0	0	0	2	0	0	0	0	5	0	13	1	1	0	0	0	15	0	0	0	0	0	0	0	0	0	0	0	0	0	0	0	0	0	0	0	0	0	0	0	0	0	0	0	0	0	0	0	0	0	0	1	0	0	0	0	0	0	0	0	0	0	0	0	0	0	0	0	0	0	0	11	0	0	0	0	0	0	0	0	0	0	0	0	0	0	0	0	0	0	0	0	0	0	0	0	0	0	0	0	0	0	0	0	0	2	0	0	0	0	0	0	0	0	0	0	0	0	0	0	0	0	0	0	0	0	0	0	0	0	0	0	0	0	0	0
Eukaryota;Chordata;Aves;Apodiformes;Apodidae;Aeronautes;Aeronautes saxatalis	0	0	0	0	0	0	0	0	0	0	0	0	0	0	0	0	0	0	0	900	0	0	0	0	0	0	0	0	0	0	0	0	0	0	0	0	0	0	0	0	0	0	0	0	0	0	0	0	0	0	0	0	0	0	0	0	0	0	0	0	0	0	0	0	0	0	0	0	0	0	0	0	0	0	0	0	0	0	0	0	0	0	0	0	0	0	0	0	0	0	0	0	0	0	0	0	0	0	0	0	0	0	0	0	0	0	0	0	0	0	0	0	0	0	0	0	0	0	0	0	0	0	0	0	0	0	0	0	0	0	0	0	0	0	0	0	0	0	0	0	0	0	0	0	0	0	0	0	0	0	0	0	0	632	0	0	0	0	0
Eukaryota;Chordata;Aves;Apodiformes;Trochilidae;NA;	0	0	0	0	0	0	0	0	0	0	0	0	0	0	0	0	0	0	0	0	0	0	0	0	0	0	0	0	0	0	0	0	0	772	12	0	0	0	0	91	0	0	0	0	0	0	0	0	0	0	0	0	0	0	0	0	0	0	0	0	0	0	0	0	0	0	0	0	0	0	0	0	0	0	0	0	0	0	0	0	0	0	0	0	0	0	0	0	0	0	0	0	0	0	0	0	0	0	0	0	0	0	0	0	0	0	0	0	0	0	0	0	0	0	0	0	0	0	0	0	0	0	0	0	0	0	0	0	0	0	0	0	0	0	0	0	0	0	0	0	0	0	0	0	0	0	0	0	0	0	0	0	0	0	0	0	0	0	0
Eukaryota;Chordata;Aves;Charadriiformes;Laridae;Larus;Larus dominicanus	5	0	0	0	0	0	0	0	0	0	0	0	0	0	0	0	0	0	0	0	0	0	0	0	0	0	0	5	0	0	0	0	0	0	0	0	0	1	0	0	0	0	0	0	0	0	0	0	0	0	0	0	0	0	0	0	0	0	0	0	0	0	0	6	0	23	0	0	0	0	0	0	0	0	0	0	0	0	0	0	0	0	0	0	0	0	0	0	0	0	0	0	0	0	0	0	0	0	0	0	0	0	0	0	0	0	0	0	0	0	0	0	0	0	0	0	0	0	0	0	0	0	0	0	0	0	0	0	0	0	0	0	0	0	0	0	0	0	0	0	0	0	0	0	0	0	2	0	1	9	0	0	0	0	0	0	0	0	0
Eukaryota;Chordata;Aves;Charadriiformes;Laridae;NA;	0	0	0	0	0	0	0	0	0	0	0	0	0	0	0	0	0	0	1	0	0	0	0	0	0	0	0	812	0	0	0	0	0	0	0	0	0	7292	0	0	0	0	0	0	0	0	0	0	0	0	0	0	0	0	0	0	0	0	192	2153	487	3419	57	1333	0	2766	0	0	0	0	0	0	0	0	0	0	0	0	0	0	0	0	0	0	0	0	0	0	0	0	0	0	0	0	0	0	0	0	0	0	0	0	0	0	0	0	0	0	0	0	0	0	0	0	0	0	0	0	0	0	0	0	0	0	0	0	0	0	0	0	0	0	0	0	0	0	0	0	0	0	0	0	0	136	0	0	13294	665	10559	9425	0	0	0	0	0	0	0	0	0
Eukaryota;Chordata;Aves;Charadriiformes;NA;;	0	0	0	0	0	0	0	0	1	0	0	0	0	0	0	0	0	0	0	0	0	0	0	0	0	0	0	1	0	0	0	0	0	0	0	0	0	5	0	0	0	0	0	0	0	0	0	0	0	0	0	0	0	0	0	0	0	0	0	2	0	10	0	1	0	3	0	0	0	0	0	0	0	0	0	0	0	0	0	0	0	0	0	0	0	0	0	0	0	0	0	0	0	0	0	0	0	0	0	0	0	0	0	0	0	0	0	0	0	0	0	0	0	0	0	0	0	0	0	0	0	0	0	0	0	0	0	0	0	0	0	0	0	0	0	0	0	0	0	0	0	0	0	0	0	0	33	0	18	14	0	0	2	0	0	0	0	0	0
Eukaryota;Chordata;Aves;Charadriiformes;Recurvirostridae;NA;	0	0	0	0	0	0	0	0	35	0	0	0	0	0	0	0	11	0	0	0	0	0	0	0	0	0	0	0	0	0	0	0	0	0	0	0	0	0	0	0	0	0	0	0	0	0	0	0	0	0	0	0	0	0	0	0	0	0	0	0	0	0	0	0	0	0	0	0	0	0	0	0	0	0	0	0	0	0	0	0	0	0	0	0	0	0	0	0	0	0	0	0	0	0	0	0	0	0	0	0	0	0	0	0	0	0	0	0	0	0	0	0	0	0	0	0	0	0	0	0	0	0	0	0	0	0	0	0	0	0	0	0	0	0	0	0	24	0	0	0	0	0	0	0	0	0	478	0	79	14	0	0	0	0	0	0	0	0	0
Eukaryota;Chordata;Aves;Charadriiformes;Scolopacidae;NA;	0	0	0	0	0	0	0	0	0	0	0	0	0	0	0	0	37	0	0	0	0	0	0	0	0	0	0	0	0	0	0	0	0	0	0	0	0	0	0	0	0	0	0	0	0	0	0	0	0	0	0	0	0	0	0	0	0	0	0	0	0	206	0	0	0	0	0	0	0	0	0	0	0	0	0	0	0	0	0	0	0	0	0	0	0	0	0	0	0	0	0	0	0	0	0	0	0	0	0	0	0	0	0	0	0	0	0	0	0	0	0	0	0	0	0	0	0	0	0	0	0	0	0	0	0	0	0	0	0	0	0	0	0	0	0	0	0	0	0	0	0	0	0	0	0	0	152	19	74	43	0	0	1914	0	0	0	0	0	0
Eukaryota;Chordata;Aves;Columbiformes;Columbidae;Columba;	0	0	0	0	0	0	0	0	28	0	9	0	426	23	0	0	24	0	0	762	10468	12	0	0	0	0	0	0	0	0	0	0	156	844	17	0	942	0	9	108	0	0	0	0	0	0	0	0	0	0	0	0	0	17	0	0	0	0	0	0	0	205	0	0	0	0	0	0	0	0	0	1	0	95	0	0	0	0	0	0	0	0	0	0	0	0	0	0	0	0	0	0	0	0	0	0	0	0	0	0	0	0	0	0	0	0	0	8335	1441	0	0	0	265	26	0	0	0	0	0	0	0	0	11789	12	0	0	0	0	0	0	0	0	0	223	0	0	0	0	0	0	0	0	0	86	0	0	66	0	97	0	0	0	2654	0	683	0	0	0	0
Eukaryota;Chordata;Aves;Columbiformes;Columbidae;NA;	0	0	0	0	0	0	0	0	1	0	0	0	1	0	0	0	0	0	0	0	14	1810	0	0	0	0	0	0	0	20	0	1	0	288	13	0	0	0	0	35	0	0	0	0	0	0	0	0	0	0	0	0	0	0	0	0	0	0	0	0	0	1	0	0	0	0	0	0	0	0	0	0	0	0	0	0	0	0	0	0	0	0	0	0	0	0	0	0	0	0	0	0	0	0	0	0	0	0	0	0	0	0	0	0	0	0	0	11	2	0	0	0	0	5	0	0	2128	0	0	0	0	0	8	0	0	0	5	0	0	0	0	0	0	2	0	0	0	0	10	0	0	0	0	0	0	0	1	0	0	4	0	0	2	0	9	2	0	0	0
Eukaryota;Chordata;Aves;Columbiformes;Columbidae;Patagioenas;	0	0	0	0	0	0	0	0	0	0	0	0	0	0	0	0	0	0	0	0	0	0	0	0	0	0	0	0	0	3	0	8	0	1	0	0	0	0	0	3	0	0	0	0	0	0	0	0	0	0	0	0	0	0	0	0	0	0	0	0	0	0	0	0	0	0	0	0	0	0	0	0	0	0	0	0	0	0	0	0	0	0	0	0	0	0	0	0	0	0	0	0	0	0	0	0	0	0	0	0	0	0	0	0	0	0	0	0	0	0	0	0	0	0	0	0	0	0	0	0	0	0	0	0	0	0	0	0	0	0	0	0	0	3	0	0	1	0	148	0	0	0	0	0	0	0	0	0	0	0	0	0	0	0	0	6	0	0	0
Eukaryota;Chordata;Aves;Columbiformes;Columbidae;Patagioenas;Patagioenas fasciata	0	0	0	0	0	0	0	0	0	0	0	0	0	0	0	0	0	0	0	0	0	0	0	0	0	0	188	0	0	1187	0	731	0	160	0	0	0	0	0	580	0	0	0	0	0	0	0	0	0	0	0	0	0	0	0	0	0	0	0	0	0	0	0	0	0	0	0	0	0	0	0	0	0	0	0	0	0	0	0	0	0	0	0	0	0	0	0	0	0	0	0	0	0	0	0	34	0	0	0	0	0	0	0	0	0	0	0	0	0	0	11	7	0	0	0	0	0	0	0	0	0	0	0	0	0	0	0	0	0	0	0	0	0	809	0	120	6	0	1744	0	0	0	0	0	0	0	0	0	0	0	0	0	0	0	0	1150	0	0	0
Eukaryota;Chordata;Aves;Galliformes;Phasianidae;Gallus;Gallus gallus	0	0	0	8	0	0	0	7	0	0	0	0	0	0	0	0	0	0	0	0	0	0	0	0	0	0	135	0	0	679	0	471	0	792	30	0	0	0	44	494	0	91	257	0	0	0	0	0	0	0	0	0	0	0	0	0	0	0	836	0	531	1369	0	88	0	0	0	0	1257	0	0	0	0	1	0	0	0	0	0	0	0	0	0	0	2873	0	0	0	72	0	0	0	0	0	0	0	0	0	0	0	0	0	0	0	0	0	1634	0	0	0	0	0	292	198	0	0	0	0	0	0	0	0	0	0	0	0	0	0	0	0	0	6276	0	0	1942	0	0	0	0	0	0	0	0	0	0	0	317	192	709	280	0	0	0	0	0	0	0	0	0
Eukaryota;Chordata;Aves;Gruiformes;Rallidae;Fulica;	0	0	0	0	0	0	0	0	0	0	963	1	0	0	2	139	238	0	0	0	0	0	0	0	0	0	1	0	0	0	0	0	0	250	0	0	0	0	0	0	20	102	0	0	0	0	0	0	0	0	0	0	0	0	0	0	61	323	85	0	294	171	0	0	0	0	0	30	0	0	0	0	0	0	1	2	4	0	0	0	0	0	1	0	0	13	1576	133	232	737	12	5	0	3991	3	0	2	1123	0	0	22622	3	386	0	0	0	0	2	1	0	0	0	0	0	0	219	0	0	0	359	0	1	0	0	0	1	5224	1	3	0	5	0	0	0	0	14	0	0	0	0	0	0	0	0	0	0	0	0	0	0	0	205	0	0	0	0	0	0	0
Eukaryota;Chordata;Aves;Gruiformes;Rallidae;Fulica;Fulica americana	0	0	0	0	261	51	0	77	142	0	502	136	2823	52	466	1482	3908	94	174	0	0	0	8	170	0	0	75	0	0	11	0	93	1519	245	0	0	0	0	0	272	12721	2705	0	0	0	0	0	0	0	0	0	0	0	0	0	31	450	0	2238	0	0	963	98	11	0	10	0	0	0	38	0	0	0	0	2301	2235	5682	49	0	0	0	0	565	0	0	15534	10972	5346	2905	2740	21455	8030	0	11171	2474	0	1657	6080	0	0	5228	681	188	0	0	608	0	1607	2169	0	0	0	0	18	0	5449	0	0	0	8234	0	1102	0	469	81	172	1	1663	1141	29	5703	0	0	0	0	0	0	0	0	0	0	0	1186	505	0	52	229	11	81	0	39	1	364	9	18	0	0	0	0
Eukaryota;Chordata;Aves;Gruiformes;Rallidae;Gallinula;Gallinula chloropus	0	0	0	0	0	0	0	0	0	0	0	0	0	0	0	0	0	0	0	0	0	0	0	0	0	0	0	0	0	0	0	0	0	0	0	0	0	0	0	0	0	0	0	0	0	0	0	0	0	0	0	0	0	0	0	0	0	0	0	0	0	0	0	0	0	0	0	0	0	0	0	0	0	0	0	0	0	0	0	0	0	0	0	0	0	0	0	0	0	0	0	0	0	0	0	0	0	0	0	0	0	0	0	0	0	0	0	0	0	0	0	0	0	0	0	0	0	0	0	0	0	0	0	0	0	0	0	0	2577	424	1505	0	0	0	0	0	0	0	0	0	0	0	0	0	0	0	0	0	0	0	0	0	0	0	0	0	0	0	0
Eukaryota;Chordata;Aves;Gruiformes;Rallidae;NA;	0	0	0	0	0	0	0	0	0	0	0	0	0	0	0	0	0	0	0	0	0	0	0	0	0	0	0	0	0	0	0	0	0	0	0	0	0	0	0	0	2	1	0	0	0	0	0	0	0	0	0	0	0	0	0	0	0	0	0	0	0	0	0	0	0	0	0	0	0	0	0	0	0	0	0	0	21	0	0	0	0	0	1	0	0	1	1	0	0	0	0	1	0	2	1	0	0	1	0	0	0	0	0	0	0	0	0	0	0	0	0	0	0	0	0	0	0	0	0	2	0	0	0	1	0	0	0	0	0	0	2	0	0	0	0	0	0	0	0	0	0	0	2	0	0	0	0	0	0	0	0	0	2	0	0	0	0	0	0
Eukaryota;Chordata;Aves;Gruiformes;Rallidae;Porzana;Porzana carolina	0	0	0	0	0	0	0	0	0	239	0	0	0	0	0	0	0	0	0	0	0	0	0	0	0	0	0	0	0	0	0	0	0	0	0	0	0	0	0	0	0	0	0	0	0	0	0	0	0	0	0	0	0	0	0	0	0	0	0	0	0	0	0	0	0	0	0	0	0	0	0	0	0	0	88	2175	0	0	0	0	0	0	0	0	0	0	0	0	0	0	0	0	0	0	0	0	0	0	0	0	0	0	0	0	0	0	0	0	0	0	0	0	0	0	0	0	0	0	0	0	0	0	0	0	0	0	0	0	3768	914	1164	0	0	0	0	0	0	0	0	0	0	0	0	0	0	0	0	0	0	0	0	0	6034	0	0	0	0	0	0
Eukaryota;Chordata;Aves;Gruiformes;Rallidae;Rallus;Rallus limicola	0	0	0	0	14	0	0	0	0	0	0	0	0	0	0	0	0	0	0	0	0	0	0	0	0	0	0	0	0	0	0	0	0	0	0	0	0	0	0	0	0	0	0	0	0	0	0	0	0	0	0	0	0	0	0	0	0	0	0	0	0	0	0	0	0	0	0	0	0	0	0	0	0	0	0	0	0	0	0	0	0	0	0	0	0	0	0	0	0	0	0	0	0	0	0	0	0	0	0	0	0	0	0	0	0	0	0	0	0	0	0	0	0	0	0	0	0	0	0	0	0	0	0	0	0	0	0	0	0	0	0	0	0	0	0	0	0	0	0	0	0	0	0	0	0	0	0	0	0	0	0	0	0	0	0	0	115	0	0
Eukaryota;Chordata;Aves;NA;;NA;	0	0	0	0	11	2	0	1	14	0	24	2	54	3	15	26	80	3	4	5	8	35	1	3	0	0	5	0	0	6	0	39	10	121	6	1	3851	7	9	33	92	4300	0	0	0	1	0	0	0	0	0	0	0	10	0	0	9	3	25	14	0	42	11	0	0	6	0	2	0	0	0	5	0	0	31	44	49	2	0	0	0	0	4	0	4	114	130	57	36	31	104	36	0	100	29	6	18	64	0	0	71	8	6	0	0	5	1	39	20	1	0	0	4	15	1	22	1	1	2	53	0	8	10	12	1	1	102	21	61	20	81	30	0	0	0	0	0	0	2	1	0	0	17	17	3	0	20	0	17	34	2	4	70	6	0	0	2	0	0
Eukaryota;Chordata;Aves;Passeriformes;Aegithalidae;Aegithalos;	0	0	0	0	0	0	0	0	0	0	0	0	0	0	0	0	0	0	0	0	0	0	0	0	0	0	0	0	0	0	0	0	0	0	0	0	0	0	0	0	0	0	0	0	0	0	0	0	0	0	0	0	0	0	0	0	0	0	0	0	0	0	0	0	0	0	0	0	0	0	0	0	0	0	0	0	0	0	0	0	0	0	0	0	0	0	0	0	0	0	0	0	0	0	0	0	0	0	0	0	0	0	0	0	0	0	0	0	0	0	0	0	0	0	0	0	0	0	0	0	0	0	0	0	0	0	0	0	0	0	0	0	0	611	119	0	0	0	0	0	0	0	0	0	0	0	0	0	0	0	0	0	0	0	0	0	0	0	0
Eukaryota;Chordata;Aves;Passeriformes;Corvidae;Corvus;	0	0	0	0	0	0	0	0	0	0	0	0	0	0	0	0	0	0	0	0	0	0	0	0	0	0	0	0	0	16	0	18	0	0	0	0	0	0	0	13	0	0	26	0	0	0	0	0	0	0	0	0	0	0	0	0	0	0	0	0	0	0	0	0	0	0	0	0	0	0	0	0	0	0	0	0	0	0	31	0	0	0	0	0	0	0	0	0	0	0	0	0	0	0	0	0	0	0	0	0	0	0	0	0	0	0	0	0	0	0	0	0	0	0	88	0	0	23	171	0	0	2862	1	0	0	0	0	0	0	0	0	0	0	0	12	0	34	0	46	0	0	0	0	0	0	0	0	0	0	0	0	1549	0	0	0	0	0	0	0
Eukaryota;Chordata;Aves;Passeriformes;Mimidae;NA;	0	0	0	0	0	0	0	0	0	0	0	0	0	0	0	0	0	0	0	0	0	0	0	0	0	0	0	0	0	0	0	0	0	0	43	0	0	0	0	0	0	0	0	0	0	0	0	0	0	0	0	0	0	0	0	0	0	0	0	0	0	0	0	0	0	0	0	0	0	0	0	0	0	0	0	0	0	0	0	0	0	0	0	0	0	0	0	0	0	0	1	0	0	0	0	0	0	0	0	0	0	0	0	0	0	0	0	0	0	0	0	0	0	537	0	0	0	0	0	0	0	0	0	0	0	0	0	0	0	0	0	0	0	0	76	0	0	0	0	0	0	0	0	0	0	0	0	0	0	0	0	0	0	0	0	0	0	0	0
Eukaryota;Chordata;Aves;Passeriformes;NA;;	0	0	0	0	22	0	41	16	0	0	0	0	0	12	0	0	0	0	0	0	0	0	0	0	0	0	21	0	0	21	0	0	0	1233	30	784	0	0	74	164	0	412	0	0	662	5614	0	0	0	0	0	58	0	1	228	0	0	0	0	0	0	0	0	0	0	1	1285	0	517	214	0	0	0	0	0	0	0	0	0	0	0	0	0	0	0	0	0	0	0	0	0	0	0	0	0	0	0	0	0	0	0	1741	1247	0	0	0	414	0	0	899	0	0	0	88	0	0	0	0	0	0	0	4	0	0	0	0	0	0	0	0	0	0	0	6474	608	0	10	619	4	0	0	71	0	0	0	0	0	0	0	0	11	165	0	0	0	61	0	0	21
Eukaryota;Chordata;Aves;Passeriformes;Sylviidae;Regulus;Regulus calendula	0	0	0	0	0	0	0	0	0	0	0	0	0	0	0	0	0	0	0	0	0	0	0	0	0	0	27	0	0	0	0	30	0	0	0	0	0	0	0	46	0	0	0	0	0	0	0	0	0	0	0	0	0	0	0	0	0	0	0	0	0	0	0	0	0	0	0	0	0	0	0	0	0	0	0	0	0	0	0	0	0	0	0	0	0	0	0	0	0	0	0	0	0	0	0	0	0	0	0	0	0	0	0	0	0	0	0	0	0	0	0	0	0	0	0	0	0	0	0	0	0	0	0	0	0	0	0	0	0	0	0	0	0	0	0	0	0	0	0	0	0	0	0	0	0	0	0	0	0	0	0	0	0	0	0	0	0	0	0
Eukaryota;Chordata;Aves;Pelecaniformes;Ardeidae;Ardea;	0	0	0	0	18	48	0	0	0	0	0	0	923	18	0	0	0	0	0	0	0	0	0	0	0	0	0	0	0	0	0	0	0	0	0	0	0	0	24	0	0	259	0	0	0	0	0	0	0	0	0	0	0	0	0	0	0	0	0	0	0	0	0	0	0	0	0	22	0	0	0	33	0	0	0	0	0	0	0	0	0	0	0	0	0	0	0	0	0	0	0	0	0	0	0	0	0	0	0	0	0	0	0	0	0	0	0	0	0	0	0	0	0	0	0	0	0	0	0	0	0	0	0	0	0	0	0	0	0	0	0	0	0	0	0	0	0	0	0	0	0	0	0	0	0	0	0	0	0	0	0	0	0	0	0	0	0	0	0
Eukaryota;Chordata;Aves;Pelecaniformes;Ardeidae;Nycticorax;Nycticorax nycticorax	0	0	0	0	0	14	0	0	0	0	0	0	58	27	0	0	0	0	0	0	0	0	0	0	0	0	0	0	0	0	0	15	0	0	0	0	0	0	0	14	0	1062	0	0	0	0	0	0	0	0	0	0	0	0	0	0	0	242	0	0	0	0	1	0	0	0	42	113	0	0	0	0	0	0	0	0	0	0	0	0	0	0	0	0	0	0	0	0	0	0	682	0	0	0	0	12	0	0	0	0	0	0	0	0	114	0	0	0	0	0	0	0	0	0	0	0	0	0	0	0	0	0	0	0	0	0	0	0	0	0	0	0	0	0	0	0	0	0	0	0	0	0	0	0	0	0	0	0	0	0	20	0	0	0	0	0	1	0	0
Eukaryota;Chordata;Aves;Pelecaniformes;Pelecanidae;Pelecanus;	0	0	0	0	1	0	0	0	0	0	0	0	0	0	0	1	0	1	0	0	0	0	0	1	0	0	6	0	0	0	0	2	0	3	0	0	0	0	0	3	3	0	0	0	0	0	0	0	0	0	0	0	0	0	0	2	0	0	0	0	0	0	0	0	0	0	0	0	0	0	0	0	0	0	0	2	3	0	0	0	0	0	2	0	0	3	0	4	1	0	73	1	0	2	10	0	0	0	0	0	0	0	0	0	0	0	0	0	0	0	0	0	0	0	0	0	0	0	0	0	0	0	0	8	0	0	0	6	3	2	4	0	0	0	0	0	0	0	0	0	0	0	1	0	0	0	0	0	0	0	0	0	0	0	0	0	0	0	0
Eukaryota;Chordata;Aves;Pelecaniformes;Phalacrocoracidae;NA;	0	0	0	0	0	0	0	0	563	0	0	0	0	0	0	0	0	0	0	0	0	0	0	188	0	0	0	0	0	0	0	0	0	264	0	0	0	0	0	35	0	0	0	0	0	0	0	0	0	0	0	0	0	0	0	0	0	0	0	0	0	0	0	0	0	0	0	0	0	0	0	0	0	0	0	0	0	0	0	0	0	0	0	0	0	0	0	0	0	0	0	0	0	0	0	0	0	0	0	0	0	0	0	0	0	0	0	0	0	0	0	0	0	0	0	0	0	0	0	0	0	0	0	733	0	0	0	0	0	0	0	0	0	0	0	0	0	0	0	0	0	0	0	70	0	0	0	0	0	0	200	0	0	0	0	0	0	0	0
Eukaryota;Chordata;Aves;Piciformes;Picidae;Melanerpes;Melanerpes erythrocephalus	0	0	0	0	0	0	0	0	0	0	0	0	0	0	0	0	0	0	0	0	0	0	0	0	0	0	0	0	0	0	0	0	0	0	0	0	0	0	0	0	0	0	0	0	0	0	0	0	0	0	0	0	0	0	0	0	0	0	0	0	0	0	0	0	0	0	0	0	0	0	0	0	0	0	0	0	0	0	0	0	0	0	0	0	0	0	0	0	0	0	0	0	0	0	0	0	0	0	0	0	0	0	0	0	0	0	0	0	0	0	0	10	0	0	0	0	0	0	0	0	0	0	0	0	0	0	0	0	0	0	0	0	0	0	944	0	37	0	0	0	0	0	0	0	0	0	0	0	0	0	0	0	0	0	0	0	0	0	0
Eukaryota;Chordata;Aves;Procellariiformes;NA;;	0	0	0	0	0	0	0	0	0	0	0	0	0	0	0	0	0	1	0	0	0	0	0	0	0	0	0	0	0	0	0	0	0	0	0	0	0	0	0	0	2	0	0	0	0	0	0	0	0	0	0	0	0	0	0	0	0	0	0	0	0	0	0	0	0	0	0	0	0	0	0	0	0	0	0	0	0	0	0	0	0	0	8	0	0	2	2	1	0	6	0	0	0	0	0	0	0	2	0	0	0	1	0	0	0	0	0	0	7	0	0	0	0	3	0	38	0	0	0	0	0	1	0	0	0	0	0	0	0	0	1	0	0	0	0	0	0	0	0	0	0	0	1	0	0	0	0	0	0	0	0	0	0	0	0	0	0	0	0
Eukaryota;Chordata;Aves;Procellariiformes;Pelecanoididae;Pelecanoides;Pelecanoides urinatrix	0	0	0	0	0	0	0	0	0	0	23	0	0	0	0	0	0	0	0	0	0	0	0	0	0	0	0	0	0	0	0	0	0	0	0	0	0	0	0	0	0	0	0	0	0	0	0	0	0	0	0	0	0	0	0	0	1	0	0	0	0	0	0	0	0	0	0	0	0	0	0	0	0	0	0	0	0	0	0	0	0	0	0	0	0	0	0	0	0	5	0	0	0	0	0	0	0	0	0	0	0	0	2	0	0	0	0	0	0	0	0	0	0	0	0	1	0	0	0	0	0	0	0	0	0	0	0	0	0	0	0	0	0	0	0	0	0	0	0	0	0	0	0	0	0	0	0	0	0	0	0	0	0	0	0	0	0	0	0
Eukaryota;Chordata;Aves;Psittaciformes;Psittacidae;Amazona;	0	0	0	0	0	0	0	0	0	0	0	0	0	0	0	0	0	0	0	0	0	0	0	0	0	0	17	0	0	85	0	54	0	22	0	0	0	0	0	51	0	0	0	0	0	0	0	0	0	0	0	0	0	0	0	0	0	0	0	0	0	0	0	0	0	0	0	0	0	0	0	0	0	0	0	0	0	0	0	0	0	0	0	0	0	0	0	0	0	0	0	0	0	0	0	0	0	0	0	0	0	0	0	0	0	0	0	0	0	0	0	0	0	0	0	0	0	0	0	0	0	0	0	0	0	0	0	0	0	0	0	0	0	0	94	0	13	0	0	0	0	0	0	0	0	0	0	0	0	0	0	0	0	0	0	0	0	0	0
Eukaryota;Chordata;Mammalia;Carnivora;Canidae;Canis;Canis lupus	0	6247	89	0	53	0	13	0	0	0	0	0	122	0	0	267	53	9	0	0	27	28	0	0	0	0	3	0	7	0	0	8	0	0	29	3193	1015	0	155	15	263	164	0	0	278	235	0	1866	0	5852	0	0	0	250	18	0	0	0	0	54	0	0	7	0	0	25	1	386	0	0	0	61	0	0	0	432	0	0	0	16379	0	0	0	0	0	937	0	0	0	0	1	0	0	0	0	0	1711	1	121	0	0	1463	0	0	0	0	0	0	0	0	0	0	273	2953	355	903	0	0	0	0	0	0	0	0	0	0	0	745	0	0	1	0	0	8	1086	14	8	402	0	0	0	13	1	0	0	108	0	0	0	0	0	0	0	0	0	500	0	0	0
Eukaryota;Chordata;Mammalia;Carnivora;Canidae;NA;	0	0	0	0	0	0	0	0	0	0	0	0	0	0	0	0	0	0	0	0	0	0	0	0	0	0	7	0	0	0	0	0	0	370	6	0	0	0	0	36	0	0	0	0	0	0	0	0	0	0	0	0	0	0	0	0	0	0	0	0	0	0	0	0	0	0	0	0	0	0	0	0	0	0	0	0	0	0	0	0	0	0	0	0	0	0	0	0	0	0	0	0	0	0	0	0	0	0	0	0	0	0	0	0	0	0	0	0	0	0	0	0	0	0	0	1	0	0	0	0	0	0	0	0	0	0	0	0	0	0	0	0	0	0	0	0	0	0	0	0	0	0	0	0	0	0	0	0	0	0	0	0	0	0	0	0	0	0	0
Eukaryota;Chordata;Mammalia;Carnivora;Canidae;Urocyon;	0	0	0	0	0	0	0	0	0	0	0	0	0	0	0	0	0	0	0	0	0	0	0	0	0	0	0	0	0	0	0	0	0	0	0	0	0	0	0	0	0	0	0	0	0	0	0	0	0	0	0	0	0	0	0	0	0	0	0	0	0	0	0	0	0	0	0	0	0	0	0	0	0	0	0	0	0	0	0	0	0	0	0	0	0	0	0	0	0	0	0	0	0	0	0	0	0	0	0	0	0	0	0	0	0	0	0	0	0	0	0	0	0	0	0	0	0	0	0	0	0	0	0	0	0	0	0	0	0	0	0	0	0	66	79	0	0	0	0	0	0	0	0	0	0	0	0	0	0	0	0	0	0	0	0	0	0	0	0
Eukaryota;Chordata;Mammalia;Carnivora;Felidae;Felis;	0	0	0	0	0	0	0	0	0	0	0	0	0	0	0	0	0	0	0	0	0	0	0	0	0	0	87	0	0	617	0	346	82	494	0	0	304	11	72	336	401	0	1	0	0	0	0	0	0	0	0	0	0	0	0	0	0	0	2960	0	0	0	0	0	0	0	0	0	0	0	555	0	0	0	0	0	0	0	0	0	0	0	0	0	0	0	0	0	0	0	0	0	0	0	0	0	0	0	0	0	0	0	0	0	0	0	0	0	0	0	0	0	0	688	0	0	0	0	0	0	0	0	0	0	0	0	0	0	0	0	0	0	0	0	50	0	0	0	0	0	0	0	0	0	0	0	0	0	0	0	0	0	0	0	0	0	0	0	0
Eukaryota;Chordata;Mammalia;Carnivora;Felidae;NA;	0	0	0	0	0	0	0	0	0	0	0	0	0	0	0	0	0	0	0	0	0	0	0	0	0	0	0	0	0	2	0	3	0	68	1641	0	71	0	0	0	0	0	0	0	0	0	0	0	0	0	0	0	0	0	0	0	0	0	17	0	0	0	0	21	0	0	0	0	553	0	3	0	0	0	0	0	0	0	0	0	0	0	0	0	0	0	0	0	0	0	0	0	0	0	0	0	0	0	0	0	0	0	0	0	0	0	0	0	0	0	0	0	0	1	0	0	0	0	0	0	0	0	0	0	0	0	0	0	0	0	0	0	0	0	0	0	0	0	0	0	0	0	0	0	0	0	0	0	0	0	0	0	0	0	0	0	0	0	0
Eukaryota;Chordata;Mammalia;Carnivora;Mephitidae;Mephitis;Mephitis mephitis	0	0	0	0	0	0	0	0	0	0	0	0	0	0	0	0	0	0	0	0	0	0	0	0	0	0	40	0	0	0	0	39	0	0	0	0	0	0	0	60	0	0	0	0	0	0	0	0	0	0	0	0	0	1	0	0	0	0	0	0	0	0	0	0	0	0	0	0	0	0	0	0	0	0	0	0	0	0	0	0	0	0	0	0	0	0	0	0	0	0	0	0	0	0	0	0	0	0	0	0	0	2562	0	0	0	0	0	0	0	0	0	0	0	0	0	0	0	0	0	0	0	0	0	0	0	0	0	0	0	0	0	0	0	0	0	0	0	0	0	0	0	0	0	0	0	0	0	0	0	0	0	0	0	0	0	0	0	0	0
Eukaryota;Chordata;Mammalia;Carnivora;NA;;	0	0	0	0	0	0	0	0	0	0	0	0	0	0	0	0	0	0	0	0	0	0	0	0	0	0	0	0	0	1	0	0	0	0	1	2	0	0	1	0	0	0	0	0	0	0	0	0	0	0	0	0	0	0	0	0	0	0	4	0	0	0	0	0	0	0	0	0	0	4	9	13	0	0	0	0	0	0	0	0	0	0	0	0	0	0	0	0	0	0	0	0	0	0	0	0	0	0	0	0	0	0	0	0	0	0	0	0	0	0	0	0	0	1	0	5	0	0	0	0	0	0	0	0	0	0	0	0	0	0	0	0	0	0	9	0	0	0	2	0	0	1	1	0	0	0	0	0	0	0	0	0	0	0	0	0	0	0	0
Eukaryota;Chordata;Mammalia;Carnivora;Procyonidae;Procyon;Procyon lotor	0	1	0	1	38	0	0	109	0	0	0	26	93	0	0	0	0	0	0	0	0	0	0	0	0	0	406	0	0	22	0	327	0	4	0	531	0	0	392	969	1615	0	0	0	0	0	0	0	0	0	0	0	0	144	161	0	0	0	492	0	0	0	0	0	0	0	0	29	0	3059	6551	15588	0	0	0	0	0	0	0	0	0	0	0	0	0	0	0	0	0	0	0	0	0	0	0	239	0	0	0	0	0	0	0	0	0	0	0	0	685	0	176	97	0	425	0	0	0	0	0	9	0	0	0	0	0	0	0	0	0	0	0	0	0	108	1027	142	0	0	1332	0	0	2448	269	0	0	0	0	0	0	0	0	0	0	0	0	0	0	0	0
Eukaryota;Chordata;Mammalia;Chiroptera;Hipposideridae;Hipposideros;	0	0	0	0	0	0	0	0	0	0	0	0	0	0	0	0	0	0	0	0	0	0	0	0	0	0	1	0	0	1	0	6	0	0	0	5	12	0	0	4	0	0	0	0	0	0	0	0	0	0	0	0	0	0	0	0	0	0	0	0	0	0	0	0	0	0	0	0	0	0	0	0	0	0	0	0	0	0	0	0	0	0	0	0	0	0	0	0	0	0	0	0	0	0	0	0	0	0	0	0	0	0	0	0	0	0	0	0	0	0	0	0	0	0	0	0	0	0	0	0	0	0	0	0	0	0	0	0	0	0	0	0	0	0	0	0	0	0	0	0	0	0	0	0	0	0	0	0	0	0	0	0	0	0	0	0	0	0	0
Eukaryota;Chordata;Mammalia;Didelphimorphia;Didelphidae;Didelphis;Didelphis virginiana	0	0	0	0	97	0	0	33	0	0	0	0	291	0	0	0	0	0	0	0	0	0	0	0	0	0	69	0	0	0	0	14	0	31	782	0	0	0	32	205	0	0	0	0	0	0	0	0	0	0	0	0	0	0	0	0	0	0	0	0	0	0	0	0	0	0	0	0	0	59	0	0	0	0	0	0	0	0	0	0	0	0	0	0	0	0	0	0	0	0	0	0	0	0	0	99	0	0	0	0	0	0	0	0	0	0	0	0	0	0	0	51	0	0	0	0	0	0	0	0	0	0	0	0	0	0	0	0	990	0	0	0	0	0	0	335	0	0	0	0	0	0	0	0	0	0	0	0	0	0	0	0	0	0	0	0	0	0	0
Eukaryota;Chordata;Mammalia;Didelphimorphia;Didelphidae;NA;	0	0	0	0	1	0	0	0	0	0	0	0	4	0	0	0	0	0	0	0	0	0	0	0	0	0	0	0	0	0	0	1	0	0	5	0	0	0	3	7	0	0	0	0	0	0	0	0	0	0	0	0	0	0	0	0	0	0	0	0	0	0	0	0	0	0	0	0	0	5	0	0	0	0	0	0	0	0	0	0	0	0	0	0	0	0	0	0	0	0	0	0	0	0	0	3	0	0	0	0	0	0	0	0	0	0	0	0	0	0	0	0	0	0	0	0	0	0	0	0	0	0	0	0	0	0	0	0	8	0	0	0	0	0	0	12	0	0	0	0	0	0	0	0	0	0	0	0	0	0	0	0	0	0	0	0	0	0	0
Eukaryota;Chordata;Mammalia;Diprotodontia;NA;;	0	0	0	0	0	0	0	0	0	0	0	0	0	0	0	0	0	0	0	0	0	0	0	0	0	0	3	0	0	0	0	0	0	6	0	0	0	0	0	0	0	0	0	0	0	0	0	0	0	0	0	0	0	0	0	0	0	0	0	0	0	2	0	0	0	0	0	0	0	0	0	0	0	0	16	0	0	0	0	0	0	0	0	0	0	0	0	0	0	0	0	0	0	0	2	0	0	0	0	0	0	0	0	0	0	0	0	0	0	0	0	0	0	0	0	0	0	0	0	0	0	0	0	0	0	0	0	0	0	0	0	0	0	0	0	0	0	0	0	0	0	0	0	0	0	0	0	0	0	0	0	0	0	0	0	0	0	0	0
Eukaryota;Chordata;Mammalia;Lagomorpha;Leporidae;NA;	0	0	0	0	0	0	0	0	0	0	0	0	0	1	0	0	0	0	0	0	0	0	0	0	0	0	0	0	3	0	0	0	0	0	0	0	0	3	0	0	0	0	0	0	0	0	0	0	0	0	0	0	0	47	0	0	0	0	0	0	0	0	0	0	0	0	1	1	0	0	0	0	0	0	0	0	0	0	0	0	0	0	0	0	0	0	0	0	0	0	0	0	0	0	0	0	0	0	3	0	0	0	11	0	0	0	0	0	0	0	0	0	0	0	0	0	0	0	9	0	0	0	0	0	0	0	0	0	0	0	0	0	0	22	3	0	0	0	0	0	0	0	0	0	0	0	0	0	0	0	0	0	0	0	0	0	0	0	0
Eukaryota;Chordata;Mammalia;Lagomorpha;Leporidae;Sylvilagus;	0	0	0	0	0	0	0	0	0	0	0	0	0	27	0	0	0	0	0	0	0	0	0	0	0	0	0	0	99	0	0	0	0	0	0	0	0	551	15	0	0	0	0	0	0	0	0	0	0	0	0	0	0	6159	0	0	0	0	0	0	0	0	0	0	0	0	150	35	0	0	0	0	0	0	0	0	0	0	0	0	0	0	0	0	0	0	0	0	0	0	1	0	0	0	0	0	0	0	186	66	0	0	1198	0	0	0	0	0	0	0	0	0	0	0	0	0	0	0	1800	0	0	0	0	0	0	0	0	0	0	0	0	0	1	3715	75	0	0	0	0	0	0	0	0	0	0	0	0	0	0	0	0	0	0	0	0	0	0	0	0
Eukaryota;Chordata;Mammalia;NA;;NA;	0	0	0	0	0	0	0	0	0	0	0	0	1	1	0	0	0	0	0	0	0	0	1	0	0	0	95	1	0	543	0	354	0	99	0	649	2912	43	7	290	1	0	0	0	0	0	0	2	0	1	0	1	0	50	0	0	1	0	5	0	0	1	0	12	0	1	0	0	0	15	69	12	0	0	0	0	0	0	5	0	10	0	0	0	0	0	0	0	0	0	0	0	0	0	0	1	0	0	0	0	0	0	0	0	0	0	0	0	0	2	1	2	0	4	0	1	0	0	0	0	0	0	0	0	333	0	0	0	4	0	4	0	0	0	59	0	0	95	7	0	1	0	0	0	2	0	0	0	0	0	0	0	0	0	2	0	0	0	1
Eukaryota;Chordata;Mammalia;NA;Bovidae;Bos;Bos taurus	0	0	0	0	162	0	0	0	0	0	0	0	0	0	0	0	8	0	0	0	0	0	0	0	0	0	241	0	0	203	0	297	90	308	43	1220	1854	253	417	385	0	49	7	0	0	0	11949	0	318	0	0	0	0	0	0	0	0	0	998	1	0	196	86	1528	0	0	0	283	0	0	328	0	4	0	7405	0	0	0	0	0	0	0	0	0	0	0	0	0	0	0	0	0	0	0	0	75	0	0	0	1	0	0	0	0	27	0	0	0	0	0	0	0	7	19	0	0	0	0	0	57	0	0	0	0	0	0	0	0	0	248	487	0	0	180	342	0	0	0	0	0	1	0	0	0	0	0	131	0	36	0	0	153	0	0	0	0	0	0	0
Eukaryota;Chordata;Mammalia;NA;Bovidae;Capra;Capra sibirica	0	0	0	0	0	0	0	0	1	0	0	0	0	0	0	1	0	0	1	0	0	0	1	0	0	0	2	0	0	1	0	8	0	0	2	0	0	0	0	0	0	0	0	0	0	0	0	0	0	0	0	0	0	0	0	0	0	0	0	0	0	0	0	0	0	0	0	0	0	0	0	1	0	3	0	0	0	0	0	0	0	0	0	0	0	0	0	0	0	0	0	0	0	0	0	0	0	0	0	0	0	0	0	0	0	0	0	0	0	0	0	1	0	0	0	0	0	0	0	0	0	0	0	0	0	1	0	0	0	0	0	0	0	0	0	0	0	0	0	0	0	0	0	0	0	0	0	2	0	0	0	0	0	0	0	0	0	0	0
Eukaryota;Chordata;Mammalia;NA;Bovidae;Ovis;Ovis aries	0	0	0	0	0	0	0	0	0	0	0	0	0	0	0	0	0	0	0	0	0	0	0	0	0	0	0	0	0	0	0	0	0	0	0	0	0	0	0	0	0	0	0	0	0	0	0	0	0	0	0	0	0	0	0	0	0	0	0	0	0	0	0	0	0	0	0	75	0	0	0	0	0	0	0	0	0	0	0	0	0	0	0	0	0	0	0	0	0	0	0	0	0	0	0	0	0	0	0	0	0	0	0	0	0	0	0	0	0	0	0	0	0	0	0	0	0	0	0	0	0	0	0	0	0	0	0	0	0	0	0	0	0	0	0	0	0	0	0	0	0	0	0	0	0	0	12	0	17	0	0	0	0	0	0	0	0	0	0
Eukaryota;Chordata;Mammalia;NA;Cervidae;NA;	0	0	0	0	0	0	0	0	0	15	0	0	0	0	0	0	0	0	0	0	0	0	0	0	0	0	0	0	0	0	0	0	0	0	0	0	0	0	0	0	0	0	0	0	0	0	0	0	0	0	0	0	0	0	0	0	0	0	0	0	0	0	0	0	0	0	0	0	0	0	0	0	0	0	0	0	0	0	0	0	0	0	0	0	0	0	0	0	0	0	0	0	0	0	0	0	0	0	0	0	0	0	0	0	0	0	0	0	0	0	0	0	0	89	0	0	0	0	0	0	0	0	0	0	0	0	0	0	0	0	0	0	0	0	0	0	0	0	0	0	0	1	0	0	32	0	0	0	0	0	0	0	0	0	0	0	0	0	0
Eukaryota;Chordata;Mammalia;NA;Suidae;Sus;	0	1	0	0	0	0	0	0	0	0	0	0	0	0	0	0	0	0	0	0	0	0	0	0	0	0	0	15	0	1	0	0	0	0	0	2	0	1	0	0	0	3	0	0	0	0	0	0	0	0	0	0	0	0	0	0	0	0	0	0	0	0	0	3	0	1	0	0	0	0	0	0	0	0	0	0	0	0	0	0	0	0	0	0	0	0	0	0	0	0	0	0	0	0	0	0	0	0	0	0	0	0	0	0	0	0	0	0	0	13	0	0	0	0	0	0	0	0	0	0	0	0	6	0	0	0	0	0	0	0	0	0	0	0	0	0	0	0	0	0	0	0	0	0	0	0	1	0	0	0	0	0	0	0	0	0	0	0	0
Eukaryota;Chordata;Mammalia;NA;Suidae;Sus;Sus scrofa	0	6078	0	0	0	0	0	0	0	0	0	0	50	33	0	0	0	0	0	0	0	0	0	0	0	0	35	1180	9	194	0	116	0	33	20	399	0	1445	79	123	0	1228	0	0	0	0	0	0	0	704	0	0	0	0	0	0	0	0	684	0	0	463	0	579	0	81	0	0	0	0	0	0	0	0	0	0	0	0	0	0	5759	0	0	0	41	0	0	0	0	0	0	0	0	0	0	9	0	0	255	16	0	0	0	0	0	0	0	0	0	4785	0	0	0	0	0	0	0	0	0	0	0	0	8094	0	0	0	0	0	0	0	0	0	0	0	216	33	0	0	0	0	0	0	0	2	0	0	1399	315	234	184	0	0	0	0	0	0	0	0	0
Eukaryota;Chordata;Mammalia;Perissodactyla;Equidae;Equus;Equus caballus	0	0	0	0	0	0	0	0	0	0	0	0	0	0	0	0	0	0	0	0	0	0	0	0	0	0	0	0	0	0	0	0	0	36	0	0	0	0	0	0	0	0	0	0	0	0	0	0	0	0	0	0	0	0	0	0	0	0	0	0	0	0	0	0	0	0	0	0	0	0	0	0	0	0	0	0	0	0	0	0	0	0	0	0	0	0	0	0	0	0	0	0	0	0	0	0	0	0	0	0	0	0	0	0	0	0	0	0	0	0	0	0	0	0	0	0	0	0	0	0	0	0	0	0	0	0	0	0	0	0	0	0	0	0	0	0	0	0	0	0	0	0	0	0	0	0	0	0	0	0	0	4	0	0	4242	0	0	0	0
Eukaryota;Chordata;Mammalia;Primates;Hominidae;Homo;Homo sapiens	361	0	119	754	719	103	677	331	163	532	622	382	1499	274	74	434	862	3152	757	0	0	2046	0	61	692	9728	336	18772	35	659	66	518	1165	2010	232	4444	407	1909	244	843	3272	2768	353	792	10442	223	26369	0	427	2	11883	6595	229	287	1025	106	432	443	1308	4724	21469	1138	194	6636	14405	4062	1399	1765	2562	189	1019	299	17554	127	849	2886	788	5234	1055	22764	0	7700	1339	41	5263	642	1401	100	93	3868	963	0	291	587	2467	111	511	3702	0	45	0	2870	1908	61	6481	0	0	2493	7503	3457	157	7	149	3950	11101	7681	1002	3723	10230	454	10906	8947	46515	1	3817	166	1919	3103	0	0	85	0	78	4215	915	143	51	6194	2461	1168	7980	1258	3672	0	8647	1009	203	48	154	24	311	0	2817	0	3899	6	183	367	1063
Eukaryota;Chordata;Mammalia;Primates;Hominidae;NA;	0	0	0	0	0	0	0	0	0	0	0	0	0	0	0	0	0	0	0	0	0	0	0	0	0	2	1	4	0	0	0	0	0	0	0	0	0	0	0	1	0	0	0	265	4	0	1	0	0	0	0	58	0	0	0	0	0	0	0	0	0	0	0	0	1	0	0	0	0	0	0	0	0	0	0	0	0	0	0	0	0	48	0	0	0	0	0	0	0	0	0	0	0	0	2	0	0	0	0	0	0	0	0	4	0	0	0	2	0	0	0	0	0	21	0	0	0	0	0	0	0	0	0	0	0	0	0	0	0	0	0	0	0	0	0	0	0	1643	0	0	2	0	0	0	318	0	0	0	0	0	0	0	0	0	246	0	0	0	0
Eukaryota;Chordata;Mammalia;Primates;Hominidae;Pan;	0	0	0	0	0	0	0	0	0	0	0	0	0	0	0	0	0	0	0	0	0	0	0	0	0	0	0	20	0	0	0	0	0	0	0	0	0	0	0	0	0	0	0	12786	0	0	0	0	0	0	0	109	0	0	0	0	0	0	0	0	949	0	0	144	0	0	0	0	0	0	0	0	0	0	0	0	0	0	0	0	0	0	0	0	0	0	0	0	0	0	0	0	0	0	0	0	0	1075	0	0	0	0	0	0	0	0	0	0	0	0	0	0	0	138	0	0	50	0	0	50	0	1	1	0	0	0	0	0	0	0	0	0	0	344	0	0	0	1	0	0	0	0	0	0	0	0	0	0	0	0	0	0	0	0	365	0	0	0	0
Eukaryota;Chordata;Mammalia;Primates;NA;;	0	0	0	0	0	0	0	0	0	0	0	0	0	0	0	0	0	0	0	0	0	0	0	0	0	0	43	0	0	0	0	35	0	0	0	0	0	0	0	69	0	0	0	22	0	0	0	0	0	0	0	147	0	0	0	0	12	0	0	0	0	0	0	28	0	0	26	0	0	0	0	0	0	0	0	0	0	0	0	1	0	0	0	0	0	0	26	0	0	0	115	0	0	0	0	0	1	1	0	0	2	0	0	36	0	0	0	0	0	0	0	0	0	214	0	0	0	0	0	0	107	0	0	0	1	0	0	0	0	0	0	0	0	52	0	0	0	1	0	0	0	0	0	0	0	0	0	0	0	0	0	0	0	0	363	0	0	0	100
Eukaryota;Chordata;Mammalia;Rodentia;Cricetidae;Microtus;Microtus thomasi	0	0	0	0	0	0	0	0	0	0	0	0	0	0	0	0	0	0	0	0	0	0	0	0	0	0	0	0	0	0	0	0	0	0	0	0	0	0	0	0	0	0	0	0	0	0	0	0	0	0	0	0	0	86	0	0	0	0	0	0	0	0	0	0	0	0	0	0	0	0	0	0	0	0	0	0	0	0	0	0	0	0	0	0	0	0	0	0	0	0	0	0	0	0	0	0	0	0	0	0	0	0	0	0	0	0	0	0	0	0	0	0	0	0	0	0	0	0	0	0	0	0	0	0	0	0	0	0	0	0	0	0	0	1	0	0	0	1	18	0	0	0	0	0	0	0	0	0	0	0	0	1	0	0	0	0	0	0	0
Eukaryota;Chordata;Mammalia;Rodentia;Cricetidae;NA;	0	0	0	0	0	0	0	0	0	0	0	0	0	0	0	0	0	0	0	0	0	0	0	0	0	0	0	0	0	0	0	1	0	10	0	0	0	0	0	0	0	0	0	0	0	0	0	0	0	0	0	0	0	15702	523	0	0	0	0	0	0	0	0	0	0	0	1	0	0	0	4	1	0	0	0	0	0	0	0	0	0	0	0	0	0	0	0	0	0	0	0	0	0	0	0	0	0	0	0	0	0	0	0	0	0	0	0	0	0	0	0	0	0	0	0	0	0	0	0	0	0	0	0	0	0	0	0	0	0	0	0	0	0	186	2	0	0	45	2021	0	0	0	0	0	0	0	0	0	0	0	0	131	0	0	0	0	0	0	0
Eukaryota;Chordata;Mammalia;Rodentia;Cricetidae;Neotoma;	0	0	0	0	0	0	0	0	0	0	0	0	0	0	0	0	0	0	0	0	0	0	0	0	0	0	1	0	0	0	0	0	0	9	0	0	0	0	0	0	0	0	0	0	0	0	0	0	0	0	0	0	0	0	0	0	0	0	0	0	0	0	0	0	0	0	0	0	1	0	14	0	0	0	0	0	0	0	0	0	0	0	0	0	0	0	0	0	0	0	0	0	0	0	0	0	0	0	0	0	0	0	0	0	0	0	0	0	0	0	0	0	0	0	0	0	0	0	0	0	0	0	0	0	0	0	0	0	0	0	0	0	0	0	1	1	0	0	0	0	0	0	0	0	0	0	0	0	0	0	0	0	0	0	0	0	0	0	0
Eukaryota;Chordata;Mammalia;Rodentia;Cricetidae;Neotoma;Neotoma macrotis	0	0	0	0	0	0	0	0	0	0	0	0	0	0	0	0	0	0	0	0	0	0	0	0	0	0	86	0	0	0	0	40	0	1075	6	0	0	0	0	271	0	0	5	0	0	0	0	0	0	0	0	0	0	0	0	0	0	0	0	0	0	0	0	0	0	0	0	0	153	90	1528	139	0	0	0	0	0	0	0	0	0	0	0	0	0	0	0	0	0	0	0	0	0	0	0	25	0	0	0	0	0	0	0	0	0	0	0	0	0	0	0	8	0	0	0	0	0	0	0	0	0	0	0	140	0	0	0	0	0	0	0	0	0	0	287	88	0	0	0	0	0	0	0	0	0	0	0	0	0	0	0	0	0	0	0	0	0	0	0
Eukaryota;Chordata;Mammalia;Rodentia;Muridae;Mus;Mus musculus	0	0	0	0	0	0	0	0	143	0	0	0	0	0	44	0	0	0	0	0	0	0	0	0	0	0	9	0	0	0	0	0	64	1337	0	0	1709	345	12795	136	0	0	0	0	0	0	0	0	0	0	0	0	0	0	0	0	0	0	0	0	0	0	0	0	0	0	0	0	0	0	0	0	0	0	679	0	0	0	0	0	0	0	0	0	0	0	0	0	0	0	0	0	0	0	2937	0	0	0	0	0	0	0	0	0	0	0	0	0	0	0	0	0	0	0	0	0	0	0	0	0	0	0	0	0	0	0	0	0	0	0	0	0	0	0	0	0	0	0	72	0	0	0	0	0	0	0	0	0	0	0	0	0	0	0	0	0	0	0	0
Eukaryota;Chordata;Mammalia;Rodentia;Muridae;NA;	0	0	0	0	1	0	0	0	0	0	0	0	3	0	0	0	0	0	0	0	0	0	0	0	0	0	0	0	0	0	0	1	0	0	0	6	17	0	1	2	1	0	0	0	0	0	0	0	0	0	0	0	0	1	0	0	0	0	1	0	0	0	0	0	0	0	3	0	0	5	46	34	0	0	4	0	0	0	0	0	0	0	0	0	0	2	0	0	0	0	0	2	0	0	0	0	0	0	0	0	0	0	0	0	0	0	0	0	0	0	0	0	0	2	0	0	0	0	0	0	0	0	0	0	0	0	0	0	1	0	0	0	0	0	2	0	0	0	2	0	0	0	0	0	0	0	0	0	0	0	0	0	0	0	0	0	0	0	0
Eukaryota;Chordata;Mammalia;Rodentia;Muridae;Rattus;	0	0	0	0	112	0	127	0	41	0	0	0	1	0	0	0	20	0	0	0	0	0	0	0	0	0	128	0	0	240	0	235	91	2295	44	422	0	156	0	448	1062	0	13	0	0	0	0	0	0	0	2458	11	0	187	303	0	0	0	0	0	0	0	0	0	0	0	14100	0	0	42	1	238	0	0	301	0	0	0	0	0	0	0	0	0	0	0	34	0	0	0	0	0	0	0	0	0	0	0	0	0	0	0	0	0	0	0	1864	0	0	0	50	0	392	152	0	0	19	0	0	0	0	0	1	0	0	0	0	0	0	0	0	0	0	70	0	0	0	0	37	0	0	1	0	0	0	0	0	0	0	0	0	0	0	0	0	0	0	0	0
Eukaryota;Chordata;Mammalia;Rodentia;Muridae;Rattus;Rattus norvegicus	0	0	0	0	0	0	0	0	56	0	0	0	2453	31	86	0	173	0	0	0	0	0	0	0	0	0	50	0	1	285	0	157	0	42	22	2692	4582	1295	357	142	0	0	0	0	0	0	0	0	0	0	0	0	0	0	0	0	106	0	576	1155	0	0	0	0	0	0	2	0	0	0	0	0	0	0	0	0	0	0	0	0	0	0	0	0	0	1975	0	0	0	0	0	2915	0	0	0	6	0	0	0	0	0	0	0	0	0	0	0	0	0	0	38	0	0	0	0	0	0	0	0	0	0	0	0	0	0	0	0	0	1319	0	0	0	0	0	160	30	0	0	0	0	0	0	0	0	0	0	30	0	0	0	0	0	0	0	0	0	0	0	0
Eukaryota;Chordata;Mammalia;Rodentia;NA;;	0	0	0	0	0	0	0	0	0	0	0	0	0	0	0	0	0	0	0	0	0	0	0	0	0	0	0	0	0	2	0	3	0	2	0	2	4	0	0	2	0	0	0	0	0	0	0	0	0	0	0	0	0	16	1	0	0	0	1	0	0	0	0	0	0	0	1	0	0	0	0	0	0	0	0	0	0	0	0	0	0	0	0	0	0	0	0	0	0	0	0	0	0	0	1	0	0	0	0	0	0	0	0	0	0	0	1	0	0	0	0	0	2	1	0	0	0	0	0	0	0	0	0	0	0	0	0	0	0	0	0	0	0	2	0	0	0	0	0	0	0	0	0	0	0	0	0	0	0	0	0	0	0	0	0	0	0	0	0
Eukaryota;Chordata;Mammalia;Rodentia;Sciuridae;NA;	0	0	0	0	0	0	0	0	0	0	1	0	0	0	0	0	0	0	0	5	0	0	0	0	0	0	0	0	0	6	0	5	0	4	2	2	3	0	0	7	0	0	0	0	0	0	0	0	0	0	0	0	0	6	23	0	0	0	0	0	0	0	0	0	0	0	0	0	0	13	10	3	0	0	0	0	0	0	0	0	0	0	0	0	7	0	0	0	0	0	0	0	0	0	0	0	0	0	0	0	0	0	0	0	0	0	0	0	0	0	1	0	1	0	0	0	0	0	0	0	0	0	0	0	0	0	0	0	0	0	0	0	0	4	5	0	0	0	1	0	8	0	0	0	0	0	0	0	0	0	0	0	0	0	0	0	0	0	0
Eukaryota;Chordata;Mammalia;Rodentia;Sciuridae;Sciurus;	0	0	0	0	51	19	0	50	0	0	0	0	0	0	0	0	0	0	0	1334	0	0	0	0	0	0	295	0	0	723	0	553	0	940	148	0	0	0	0	749	0	0	99	0	0	0	0	0	0	0	0	0	0	1239	1626	0	0	0	0	0	0	0	0	0	0	0	0	213	0	711	1132	194	0	0	0	0	0	0	0	0	0	0	0	0	2251	0	0	0	0	0	0	0	0	0	0	60	0	0	0	0	0	0	0	0	0	0	47	0	0	0	33	22	281	27	0	0	0	0	0	0	0	0	0	0	0	0	0	0	0	0	0	0	0	962	913	212	12	0	39	0	5833	27	0	0	0	0	0	0	0	0	0	0	0	0	0	30	0	0	0
Eukaryota;Chordata;NA;Squamata;Gymnophthalmidae;Placosoma;Placosoma glabellum	0	2	0	0	22	0	0	0	0	0	0	0	0	0	1	20	0	0	0	0	0	0	0	0	0	5	4	0	0	2	0	12	0	5	0	0	0	0	0	1	0	0	0	0	0	0	0	0	0	0	0	0	0	0	0	0	0	0	0	0	0	0	0	0	0	0	0	2	0	0	0	2	0	0	0	0	0	0	0	0	0	0	0	0	0	0	0	0	0	0	0	0	0	0	0	0	0	0	0	0	0	0	0	0	0	0	0	0	0	0	0	0	0	0	0	0	0	0	0	0	0	0	0	0	0	0	0	0	0	0	0	0	0	0	0	0	0	0	0	0	0	0	0	0	0	0	0	0	56	0	0	0	0	0	0	0	0	1	0
Eukaryota;Chordata;NA;Testudines;Emydidae;Trachemys;	0	0	0	0	0	0	0	0	0	0	0	0	39	18662	0	0	0	0	0	0	0	0	0	0	0	0	0	0	0	12	0	0	0	0	0	0	0	0	0	0	0	0	0	0	0	0	0	0	0	0	0	0	0	0	0	0	0	0	0	0	0	0	0	0	0	0	837	0	0	42	0	0	0	0	0	0	0	0	0	0	0	0	0	0	0	0	0	0	0	0	0	0	0	0	0	0	0	0	0	0	0	0	0	0	0	0	0	0	0	0	0	0	0	0	0	0	0	0	0	0	0	0	0	0	0	0	0	0	0	0	0	0	0	0	0	0	0	0	0	0	0	0	0	0	0	0	0	0	0	0	0	0	0	0	0	0	0	0	0
Eukaryota;NA;;NA;;NA;	0	0	0	0	0	0	0	0	0	0	0	0	0	0	0	0	0	0	0	0	0	0	2	0	0	0	0	0	0	10	0	11	0	0	39	0	0	0	0	0	0	0	0	0	0	0	0	0	0	0	0	0	0	0	0	0	0	0	0	0	0	0	0	0	0	0	0	0	1	0	0	0	0	0	0	0	0	0	0	0	0	0	0	0	0	0	0	0	0	0	0	0	0	0	0	0	0	0	0	0	0	0	0	0	0	0	0	0	0	0	0	0	0	0	0	0	0	0	0	0	0	0	0	0	0	0	0	0	0	0	0	1	0	0	0	0	0	0	0	0	0	0	0	0	0	193	0	0	0	0	0	0	0	0	0	0	0	0	1
