sum.taxonomy	R3_AS_DB1	R3_AS_DB2	R3_AS_PN1	R3_BC_DB1	R3_BC_DB2	R3_BC_PN1	R3_BC_PN2	R3_BP_DB1	R3_BP_PN1	R3_BP_PN2	R3_CC_DB1	R3_CC_DB2	R3_CC_PN1	R3_CC_PN2	R3_EV_DB1	R3_EV_DB2	R3_EV_PN2	R3_GL_DB1	R3_GL_DB2	R3_GL_PN1	R3_GN_DB1	R3_GN_DB2	R3_GN_PN1	R3_GN_PN2	R3_K0551_L7	R3_K0553_G5	R3_K0553_L7	R3_K0553_M8	R3_K0554_A1	R3_K0554_C3	R3_K0554_E4	R3_K0554_G5	R3_K0554_K6	R3_K0554_L7	R3_K0554_T9	R3_K0556_E4	R3_K0556_G5	R3_K0556_T9	R3_K0557_A1	R3_K0557_B2	R3_K0557_C3	R3_K0557_E4	R3_K0557_K6	R3_K0557_L7	R3_K0557_T9	R3_K0559_C3	R3_K0559_G5	R3_K0560_A1	R3_K0560_G5	R3_K0560_K6	R3_K0560_M8	R3_K0560_T9	R3_K0563_M8	R3_K0568_A1	R3_K0568_C3	R3_K0568_G5	R3_K0568_K6	R3_K0568_L7	R3_K0568_M8	R3_K0569_A1	R3_K0569_B2	R3_K0569_G5	R3_K0569_K6	R3_K0569_L7	R3_K0569_T9	R3_K0591_A1	R3_K0591_E4	R3_K0591_G5	R3_K0591_K6	R3_K0591_T9	R3_K0592_A1	R3_K0592_B2	R3_K0592_C3	R3_K0592_E4	R3_K0592_G5	R3_K0592_K6	R3_K0592_L7	R3_K0592_M8	R3_K0598_B2	R3_K0598_C3	R3_K0598_E4	R3_K0598_K6	R3_K0598_L7	R3_K0598_T9	R3_K0600_B2	R3_K0600_C3	R3_K0600_E4	R3_K0600_G5	R3_K0600_K6	R3_K0600_M8	R3_K0782_E4	R3_K0782_M8	R3_K0782_T9	R3_K0783_C3	R3_K0787_A1	R3_K0787_B2	R3_K0787_E4	R3_K0787_K6	R3_K0787_L7	R3_K0787_M8	R3_K0788_B2	R3_K0788_E4	R3_K0788_K6	R3_K0790_A1	R3_K0790_B2	R3_K0790_G5	R3_K0790_K6	R3_K0790_L7	R3_K0790_M8	R3_K0790_T9	R3_LB_DB1	R3_LB_DB2	R3_LB_PN1	R3_LB_PN2	R3_MW_DB1	R3_MW_DB2	R3_MW_PN1	R3_MW_PN2	R3_SD_DB1	R3_SD_DB2	R3_SD_PN1	R3_SD_PN2	R3_TW_DB1	R3_TW_DB2	R3_TW_PN1	R3_TW_PN2	R3_VW_DB1	R3_VW_DB2	R3_VW_PN1
Eukaryota;Chordata;Actinopteri;Atheriniformes;Atherinopsidae;Odontesthes;	0	0	0	0	0	0	0	0	0	0	0	0	0	0	0	0	0	0	0	0	0	0	0	0	0	0	0	0	0	0	0	0	0	0	0	0	0	0	0	0	0	0	0	0	0	0	0	0	0	0	0	0	0	0	0	0	0	0	0	0	0	0	0	0	0	0	0	0	0	0	0	0	0	0	0	0	0	0	0	0	0	0	0	0	0	0	0	0	0	0	0	0	0	0	0	0	0	0	0	0	0	0	0	0	0	0	0	0	0	0	43	0	0	17	0	0	0	0	0	0	0	0	0	0	0	0	0	0	0
Eukaryota;Chordata;Actinopteri;Centrarchiformes;Centrarchidae;Lepomis;Lepomis cyanellus	0	0	0	75	732	0	24	291	40	0	0	0	0	0	39	131	3	0	0	0	107	123	29	9	0	0	0	0	0	0	144	65	0	0	0	0	0	0	25	0	0	0	69	0	27	0	0	0	0	0	0	0	0	0	0	0	0	0	0	0	0	0	0	0	0	0	179	236	0	0	0	0	0	0	0	0	0	0	0	0	0	0	0	0	0	0	0	0	0	0	0	0	0	0	0	0	0	0	11	0	0	41	0	0	360	0	153	2857	0	0	5	0	0	0	0	231	0	214	0	0	0	0	0	0	0	0	0	0	0
Eukaryota;Chordata;Actinopteri;Centrarchiformes;Centrarchidae;Lepomis;Lepomis macrochirus	0	0	0	0	0	0	0	0	0	0	0	0	0	0	0	0	0	0	0	0	0	0	0	0	0	0	0	0	0	0	0	0	0	0	0	0	0	0	0	0	0	0	0	0	0	0	0	0	0	0	0	0	0	0	0	0	0	0	0	0	96	0	0	0	0	0	0	0	0	0	0	0	0	0	0	0	0	0	0	0	0	0	0	0	0	2	0	0	0	0	0	0	0	0	0	0	0	0	0	0	0	0	0	0	0	0	0	0	0	0	0	0	0	0	0	0	0	0	4	0	8	0	0	0	0	0	0	0	0
Eukaryota;Chordata;Actinopteri;Centrarchiformes;Centrarchidae;Micropterus;	0	0	0	0	51	0	0	0	0	0	0	0	0	0	13	9	0	0	0	0	14	0	0	0	0	0	0	0	0	0	0	0	0	0	0	0	0	0	0	0	0	0	0	0	0	0	0	0	0	0	0	0	0	0	0	0	0	0	0	0	0	0	0	0	0	0	0	160	0	0	0	0	0	0	0	0	0	0	0	0	0	0	0	0	0	0	0	0	0	0	0	0	0	0	0	0	0	0	0	0	0	0	0	0	0	0	0	0	0	0	0	0	0	0	0	0	0	0	0	0	0	0	0	0	0	0	0	0	0
Eukaryota;Chordata;Actinopteri;Cichliformes;Cichlidae;NA;	0	0	0	0	0	0	0	0	0	0	0	0	0	0	47	30	0	0	0	0	111	249	11	10	0	0	2	0	6	0	0	0	0	0	0	0	0	0	0	0	0	0	4	0	0	0	0	0	0	0	10	0	0	0	0	0	25	0	0	0	0	0	0	0	0	0	2875	2650	0	0	0	0	0	0	0	0	0	0	0	0	0	0	0	0	62	16	0	0	0	452	0	0	0	0	0	0	0	0	0	0	0	45	0	0	0	0	2	0	0	665	0	0	0	0	0	0	0	0	165	47	104	0	0	0	0	0	0	0	0
Eukaryota;Chordata;Actinopteri;Cichliformes;Cichlidae;Oreochromis;Oreochromis sp. red tilapia	0	0	0	0	0	0	0	0	0	0	0	0	0	0	0	0	0	0	0	0	1	0	0	0	0	0	0	0	0	0	0	0	0	0	0	0	0	0	0	0	0	0	0	0	0	0	0	0	0	0	0	0	0	0	0	0	0	0	0	0	0	0	0	0	0	0	11	252	0	0	0	0	0	0	0	0	0	0	0	0	0	0	0	0	0	0	0	0	0	0	0	0	0	0	0	0	0	0	0	0	0	0	0	0	0	0	0	0	0	2	0	0	0	0	0	0	0	0	1	0	0	0	0	0	0	0	0	0	0
Eukaryota;Chordata;Actinopteri;Cypriniformes;Catostomidae;NA;	0	0	0	0	0	0	0	0	0	0	0	0	0	0	0	0	0	0	0	0	0	0	0	0	0	0	0	0	0	0	0	0	0	0	0	0	0	0	0	0	0	0	0	0	0	0	0	0	0	0	0	0	5	0	0	0	0	0	0	0	0	3	0	10	102	0	0	0	0	0	0	0	0	0	0	0	0	0	0	0	0	0	0	0	0	0	0	0	0	0	0	0	0	0	0	0	0	0	0	0	0	0	0	0	0	0	0	0	0	0	0	0	0	0	0	0	0	0	0	0	0	0	49	136	10	296	0	0	0
Eukaryota;Chordata;Actinopteri;Cypriniformes;Cobitidae;Misgurnus;Misgurnus anguillicaudatus	0	0	0	0	0	0	0	461	0	0	0	0	0	0	56	91	0	0	0	0	232	327	116	0	0	0	0	0	0	0	977	46	0	0	0	0	0	0	10	0	0	0	0	0	69	0	0	0	0	0	0	418	0	0	0	0	0	0	0	0	0	0	0	0	0	0	0	0	0	0	0	0	0	0	0	0	0	0	0	0	0	0	0	10	0	0	0	0	0	0	0	0	0	0	0	1744	0	0	5	0	0	0	0	0	57	0	0	445	0	0	0	0	0	0	0	113	0	0	0	0	0	0	0	0	0	0	0	0	0
Eukaryota;Chordata;Actinopteri;Cypriniformes;Cyprinidae;Acrossocheilus;	0	0	0	0	0	0	0	0	0	0	0	0	0	0	0	0	0	0	0	0	8	8	2	0	0	0	0	0	0	1	0	0	0	0	0	0	0	0	0	0	0	0	0	0	0	0	0	0	0	0	0	0	0	0	0	0	0	0	0	0	0	0	0	0	0	0	0	0	0	0	0	0	0	0	0	0	0	0	0	0	4	0	0	0	0	0	0	0	0	0	0	0	0	0	0	0	0	0	0	0	0	1	0	0	7	0	4	0	0	0	0	0	0	0	0	11	0	0	0	0	0	0	0	0	0	0	0	0	0
Eukaryota;Chordata;Actinopteri;Cypriniformes;Cyprinidae;Carassius;	0	0	0	0	1	0	0	56	0	0	0	0	0	0	1	70	0	0	0	0	100	259	0	0	0	0	0	0	0	0	0	0	0	0	5	0	0	0	0	0	0	0	0	0	0	0	0	0	0	0	0	0	0	0	0	0	0	0	0	0	0	0	0	0	0	0	0	75	0	0	0	0	0	0	0	0	0	0	0	0	0	0	0	0	0	0	0	0	0	0	0	0	0	0	0	0	0	0	0	0	0	0	0	0	0	0	0	1934	0	0	31	0	0	0	9	0	0	0	0	0	16	0	0	0	0	0	0	0	0
Eukaryota;Chordata;Actinopteri;Cypriniformes;Cyprinidae;Cyprinus;Cyprinus carpio	0	0	0	0	0	0	0	0	0	0	0	0	0	0	2	1	0	0	0	0	1	0	2	0	0	0	0	0	5	0	0	2	0	0	0	0	0	0	0	0	0	0	0	0	0	0	0	0	0	0	0	0	0	0	0	0	0	0	0	1	0	0	0	0	0	0	0	0	0	0	0	0	0	0	0	0	0	0	0	0	0	0	0	0	0	0	0	0	0	0	0	0	0	0	0	0	0	0	0	0	0	0	0	0	7	0	2	89	0	0	0	0	0	0	0	1	0	0	0	0	0	0	0	0	0	0	0	0	0
Eukaryota;Chordata;Actinopteri;Cypriniformes;Cyprinidae;Gila;	0	0	0	0	0	0	0	0	0	0	0	0	0	0	0	0	0	0	0	0	0	0	0	0	0	0	0	0	0	0	0	0	0	0	0	0	0	0	0	0	0	0	0	0	0	0	0	0	0	0	0	0	0	0	0	0	0	0	0	0	0	0	0	24	0	0	0	0	0	0	0	0	0	0	0	0	0	0	0	0	0	0	0	0	0	0	0	0	0	0	0	0	0	0	0	0	0	0	0	0	0	0	0	0	0	0	0	0	0	0	0	0	0	0	0	0	0	0	0	0	0	0	12	301	0	0	0	0	0
Eukaryota;Chordata;Actinopteri;Cypriniformes;Cyprinidae;NA;	0	0	0	15	71	1	0	1447	10	11	0	0	0	1	649	749	1	0	0	7	1186	1123	237	129	0	1	1	0	28	11	97	192	9	0	4	0	12	2	9	157	19	23	45	0	153	1	1	1	0	0	0	164	7	10	0	1	0	108	0	206	0	0	0	26	0	1	255	461	1	2	17	0	0	0	0	1936	1	0	0	1	3704	0	0	29	475	8	0	3	0	0	10	0	1	0	0	610	0	2	41	36	0	596	1	0	1610	8	662	5396	0	114	232	0	7	13	1	1090	100	20	25	0	0	7	37	0	0	0	0	0	0
Eukaryota;Chordata;Actinopteri;Cypriniformes;Cyprinidae;Pimephales;Pimephales promelas	0	0	0	0	0	0	0	0	0	0	0	0	0	0	42	28	0	0	0	699	50	25	64	0	0	0	0	0	0	0	0	62	231	0	0	0	0	0	0	0	0	13	13	0	17	0	0	0	0	0	0	0	0	0	0	0	0	0	0	100	0	0	0	0	0	0	0	0	0	0	0	0	0	0	0	0	72	0	0	0	0	0	0	23	0	0	0	0	0	0	0	0	0	0	0	298	0	0	0	0	0	0	0	0	255	0	228	5789	0	49	0	0	0	0	0	82	0	60	0	0	0	0	0	0	0	0	0	0	0
Eukaryota;Chordata;Actinopteri;Cyprinodontiformes;Poeciliidae;Gambusia;	0	0	0	0	0	0	0	930	0	0	31	410	0	0	0	6	0	0	0	0	5	0	0	0	0	0	0	0	0	0	0	0	0	0	0	0	0	0	0	14	0	0	0	0	0	0	136	0	0	0	0	0	9	0	33	0	0	0	231	277	344	0	0	14	0	0	0	156	0	0	0	0	0	0	0	0	0	13	0	0	0	0	0	0	9	0	0	0	0	0	0	0	0	0	0	0	0	0	0	0	0	0	23	0	0	0	0	0	0	0	0	0	15	12	0	0	0	0	0	0	0	0	16	200	0	0	0	0	0
Eukaryota;Chordata;Actinopteri;Gobiiformes;Gobiidae;Brachygobius;Brachygobius kabiliensis	0	0	0	3	0	1	1	0	0	0	0	0	0	0	0	0	0	0	0	0	0	0	0	1	0	0	1	0	0	0	0	0	0	0	1	2	0	3	0	3	1	2	1	0	0	0	2	0	5	1	2	1	0	2	0	0	0	0	0	0	1	0	0	0	0	1	8	0	0	0	0	0	0	3	0	0	0	1	0	0	0	0	1	0	0	3	0	0	0	0	0	1	1	0	1	0	0	3	0	0	0	0	0	1	0	0	2	3	2	1	0	1	0	0	1	0	0	1	0	1	0	1	0	0	0	0	0	0	2
Eukaryota;Chordata;Actinopteri;Gobiiformes;Gobiidae;NA;	0	0	0	0	0	0	0	0	0	0	0	0	0	0	0	0	0	0	0	0	0	0	0	0	0	0	0	0	0	0	0	0	0	0	0	0	0	0	0	0	0	0	0	0	0	0	0	0	0	0	0	0	0	0	0	0	0	0	0	0	0	0	0	8	0	0	0	0	0	0	0	0	0	0	0	0	0	0	0	0	0	0	0	0	0	0	0	0	0	0	0	0	0	0	0	0	0	0	0	0	0	0	0	0	0	0	0	0	0	0	42	0	0	8	0	0	0	0	0	0	0	0	0	0	0	0	0	0	0
Eukaryota;Chordata;Actinopteri;Lophiiformes;Gigantactinidae;Rhynchactis;Rhynchactis macrothrix	0	0	0	0	0	1	0	0	0	0	0	0	0	0	0	0	0	1	0	0	0	0	0	0	0	0	0	0	0	0	0	0	0	0	1	3	0	2	1	1	0	0	0	0	0	0	0	0	0	1	0	0	0	1	0	0	0	0	1	0	0	0	0	0	0	1	4	1	0	0	0	1	0	3	0	0	0	2	1	0	0	0	0	0	2	1	2	1	0	0	0	0	0	1	0	0	0	1	1	0	0	0	0	0	0	0	0	0	2	0	0	0	0	0	0	0	0	0	0	1	0	1	0	1	0	2	0	0	0
Eukaryota;Chordata;Actinopteri;Mugiliformes;Mugilidae;Mugil;	0	0	0	0	0	0	0	0	0	0	0	0	0	0	0	0	0	0	0	0	0	0	0	0	0	0	0	0	0	0	0	0	0	200	0	0	0	0	0	0	0	0	0	0	0	0	0	0	0	0	0	0	0	0	0	0	0	0	0	0	0	0	0	0	0	0	0	0	0	0	0	0	0	0	0	0	0	0	0	0	0	0	0	0	0	0	0	0	0	0	0	0	0	0	0	0	0	0	0	0	0	0	0	0	0	0	0	0	0	0	250	6	176	265	0	0	0	0	0	0	0	0	0	0	0	0	0	0	0
Eukaryota;Chordata;Actinopteri;NA;;NA;	0	0	0	1	0	0	0	0	0	0	0	0	0	0	0	0	0	0	0	0	0	0	0	2	0	4	0	0	1	0	0	0	0	0	2	1	1	0	0	0	1	0	0	0	0	0	1	0	0	0	4	0	0	0	0	0	2	0	1	0	0	0	0	0	0	0	3	17	0	1	0	0	0	0	0	10	0	0	0	0	0	0	0	1	1	0	0	0	0	0	0	0	0	0	0	1	0	1	0	0	0	0	2	0	6	0	0	0	0	1	1	0	2	6	0	0	0	0	1	0	0	1	0	0	0	0	0	0	0
Eukaryota;Chordata;Actinopteri;NA;Sciaenidae;NA;	0	0	0	0	0	0	0	0	0	0	0	0	0	0	0	0	0	0	0	0	0	0	0	0	0	0	0	0	0	0	0	0	0	0	0	0	0	0	0	0	70	0	0	0	0	0	0	0	0	0	0	0	0	0	0	0	0	0	0	0	0	0	0	0	0	0	0	0	0	0	0	0	0	0	0	0	0	0	0	0	0	0	0	0	0	0	0	0	0	0	0	0	0	0	0	0	0	0	0	0	0	0	0	10	0	0	0	0	0	0	0	0	27	16	0	0	0	0	0	0	0	0	0	0	0	0	0	0	0
Eukaryota;Chordata;Actinopteri;Perciformes;Cottidae;Cottus;	0	0	0	63	399	0	0	0	0	0	0	0	0	0	0	0	0	0	0	0	0	0	0	0	0	0	0	0	0	0	0	0	0	0	0	0	0	0	0	0	0	0	0	0	0	0	0	0	0	0	0	0	0	0	0	0	0	0	0	0	0	0	0	0	0	0	1	0	0	0	0	0	0	0	0	0	0	0	0	0	0	0	0	0	0	0	0	0	0	0	0	0	0	0	0	0	0	0	0	0	0	0	0	0	0	0	0	0	0	0	0	0	0	0	0	0	0	0	0	0	0	0	0	0	0	0	0	0	0
Eukaryota;Chordata;Actinopteri;Perciformes;Cottidae;Leptocottus;Leptocottus armatus	0	0	0	0	0	0	0	0	0	0	0	0	0	0	0	0	0	0	0	0	0	0	0	0	0	0	0	0	0	0	0	0	0	0	0	0	0	0	0	0	0	0	0	0	0	0	0	0	0	0	0	0	0	0	0	0	0	0	0	0	0	0	0	0	0	0	0	0	0	0	0	0	0	0	0	0	0	0	0	0	0	0	0	0	0	0	0	0	0	0	0	0	0	0	0	0	0	0	0	0	0	0	0	0	0	0	0	0	0	0	50	0	0	5	0	0	0	0	0	0	0	0	0	0	0	0	0	0	0
Eukaryota;Chordata;Actinopteri;Polymixiiformes;Polymixiidae;Polymixia;Polymixia berndti	0	0	0	1	1	0	0	0	0	0	0	1	0	1	0	0	1	0	0	0	0	0	0	2	0	0	0	2	0	1	0	0	0	1	1	3	0	1	1	3	0	1	0	0	0	1	0	0	1	0	0	0	1	1	0	0	0	0	1	0	0	0	0	0	0	2	3	0	0	0	0	0	0	0	0	0	1	0	0	0	0	0	0	2	1	0	0	1	0	0	0	0	1	0	1	1	0	4	1	1	1	0	0	2	0	0	0	0	0	3	0	0	0	0	0	0	0	0	0	1	0	6	0	1	0	0	0	0	1
Eukaryota;Chordata;Actinopteri;Salmoniformes;Salmonidae;Oncorhynchus;	0	0	0	0	0	0	0	0	0	0	0	0	0	0	0	0	0	0	0	0	21	0	0	0	0	0	0	0	0	0	0	0	0	0	0	0	0	0	0	0	0	0	0	0	0	0	0	0	0	0	0	0	0	0	0	0	0	0	0	0	0	0	0	0	0	0	0	0	0	0	0	0	0	0	0	0	0	0	0	0	0	0	0	0	0	0	0	0	0	0	0	0	0	0	0	9	0	0	10	0	0	0	0	0	0	0	0	0	0	0	0	0	0	69	39	0	0	0	0	0	0	0	0	73	0	0	0	0	0
Eukaryota;Chordata;Actinopteri;Salmoniformes;Salmonidae;Salmo;Salmo salar	0	0	0	0	0	0	0	0	0	0	0	0	0	0	0	0	0	0	0	0	0	0	0	0	0	0	0	0	0	0	0	0	0	0	0	0	0	0	0	0	0	0	0	0	0	0	0	0	0	0	0	0	0	0	0	0	0	0	0	0	0	0	0	0	0	0	0	0	0	0	0	0	0	0	0	0	0	0	0	0	0	37	0	0	0	0	0	0	0	0	0	0	0	0	0	0	0	0	0	3	0	0	0	0	0	0	0	0	0	0	0	0	0	0	0	198	79	0	0	0	0	0	0	0	0	0	0	0	0
Eukaryota;Chordata;Actinopteri;Scombriformes;Scombridae;NA;	0	0	0	0	0	0	0	0	0	0	0	0	0	0	0	0	0	0	0	0	0	0	0	0	0	0	0	0	0	0	0	0	0	0	0	0	0	0	0	0	0	0	0	0	0	0	0	0	0	0	0	0	0	0	0	0	0	0	0	0	0	0	0	0	0	0	0	0	0	0	0	0	0	0	0	0	0	0	0	0	0	0	0	0	0	0	0	0	0	0	0	0	0	0	0	0	0	0	0	11	0	0	0	0	0	0	0	0	0	0	0	0	0	0	0	30	0	68	0	0	0	0	0	0	0	0	0	0	0
Eukaryota;Chordata;Actinopteri;Siluriformes;Ictaluridae;Ameiurus;	0	0	0	0	0	0	0	0	0	0	0	0	0	0	0	0	0	0	0	0	0	0	0	0	0	0	0	0	0	0	0	0	0	0	0	0	0	0	0	0	0	0	0	0	0	0	0	0	0	0	0	0	5	0	0	0	0	0	0	0	0	0	26	0	0	0	0	0	0	0	0	0	0	0	0	0	0	0	0	0	0	0	0	0	0	0	0	0	0	0	0	0	0	0	0	0	0	0	0	0	0	0	0	0	0	0	0	0	0	0	0	0	0	0	0	0	0	0	0	0	0	0	8	31	0	0	0	0	0
Eukaryota;Chordata;Actinopteri;Siluriformes;Ictaluridae;Ictalurus;	0	0	0	0	0	0	0	0	0	0	0	0	0	0	0	0	0	0	0	0	0	0	23	0	0	0	0	0	0	0	0	0	0	0	0	0	0	0	0	0	0	0	0	0	20	0	0	0	0	0	0	0	0	0	0	0	0	0	0	0	0	0	0	0	0	0	0	0	0	0	0	0	0	0	0	0	0	0	0	0	0	0	0	0	0	0	0	0	0	0	0	0	0	0	0	0	0	0	0	0	0	0	0	0	0	0	0	0	0	0	0	0	0	0	0	0	20	0	0	0	0	0	0	0	0	0	0	0	0
Eukaryota;Chordata;Actinopteri;Siluriformes;Loricariidae;Pterygoplichthys;	0	0	0	0	0	0	0	0	0	0	0	0	0	0	0	0	0	0	0	0	10	36	0	0	0	0	0	0	0	0	0	0	0	0	0	0	0	0	0	0	0	0	0	0	0	0	0	0	0	0	0	0	0	0	0	0	0	0	0	0	0	0	0	0	0	0	78	129	0	0	0	0	0	0	0	0	0	0	0	0	0	0	0	0	10	0	0	0	0	0	0	0	0	0	0	0	0	0	0	0	0	0	0	0	0	0	0	0	0	0	0	0	0	0	0	0	0	0	11	0	18	0	0	0	0	0	0	0	0
Eukaryota;Chordata;Actinopteri;Siluriformes;NA;;	0	0	0	13	794	0	0	0	0	0	0	0	0	0	39	29	0	0	0	0	24	64	0	0	0	0	9	0	0	0	0	0	0	0	0	0	3	0	17	0	0	15	0	0	0	0	0	0	0	0	0	71	0	0	0	0	0	0	0	0	0	0	0	0	0	0	679	907	0	0	0	0	0	0	0	0	0	0	0	0	0	0	0	0	0	12	0	0	0	0	0	0	0	0	0	0	0	0	0	0	0	0	0	8	0	0	151	0	0	0	0	0	0	0	0	26	0	0	55	0	12	73	0	0	0	0	0	0	0
Eukaryota;Chordata;Actinopteri;Syngnathiformes;Syngnathidae;Syngnathus;	0	0	0	0	0	0	0	0	0	0	0	0	0	0	0	0	0	0	0	0	0	0	0	0	0	0	0	0	0	0	0	0	0	0	0	0	0	0	0	0	0	0	0	0	0	0	0	0	0	0	0	0	0	0	0	0	0	0	0	0	0	0	0	0	0	0	0	0	0	0	0	0	0	0	0	0	0	0	0	0	0	0	0	0	0	0	0	0	0	0	0	0	0	0	0	0	0	0	0	46	0	0	0	0	0	2	0	0	0	0	0	0	0	0	0	0	0	0	0	0	0	0	0	0	0	0	0	0	0
Eukaryota;Chordata;Amphibia;Anura;Bufonidae;Anaxyrus;	0	0	0	0	0	0	0	0	0	0	0	0	0	0	0	0	0	0	0	0	5	0	0	8	0	0	0	0	0	0	0	0	0	0	0	0	0	0	0	0	0	0	0	0	0	0	0	0	0	0	0	0	0	0	0	0	0	0	0	0	0	0	0	0	0	0	0	0	0	0	0	0	0	0	0	0	0	0	0	0	0	0	0	0	0	0	0	0	0	0	0	0	0	0	0	155	0	0	0	0	0	0	0	0	0	0	0	0	0	0	0	0	0	0	0	0	0	0	0	0	0	0	0	0	0	0	0	0	0
Eukaryota;Chordata;Amphibia;Anura;NA;;	0	0	0	0	1	0	2	0	0	0	0	0	0	0	0	0	0	0	0	0	0	0	0	1	1	0	1	0	0	1	0	0	0	0	0	2	0	1	0	0	0	0	0	0	0	0	0	0	4	0	0	0	0	0	0	0	0	0	0	1	0	0	0	0	0	0	0	0	0	0	0	1	0	1	0	0	0	0	0	1	0	0	0	0	0	0	0	1	0	1	0	0	0	0	1	0	1	3	0	0	0	0	0	0	0	0	0	0	1	0	14	0	0	0	0	0	1	0	0	1	0	0	0	0	0	0	0	0	0
Eukaryota;Chordata;Amphibia;Anura;Pipidae;Xenopus;	0	0	0	0	0	0	0	0	0	0	1597	3614	39	0	0	0	0	0	0	0	0	0	0	0	0	0	0	0	0	0	0	0	0	0	0	0	0	0	0	0	0	0	0	0	0	0	0	0	0	0	0	0	0	0	0	0	0	0	21	0	3	0	0	0	0	0	0	0	0	0	0	0	0	0	0	0	0	8	0	0	0	0	0	0	0	0	0	0	0	0	0	0	0	0	0	0	0	0	0	0	0	0	0	0	0	0	0	0	0	0	0	0	0	0	0	0	0	0	0	0	0	0	0	0	0	0	0	0	0
Eukaryota;Chordata;Amphibia;Anura;Ranidae;Rana;	0	0	0	0	0	0	0	54	5	0	0	0	0	0	0	0	0	0	0	0	0	0	0	0	0	0	0	0	0	0	0	0	0	0	0	0	0	0	0	0	0	0	0	0	0	0	0	0	0	0	0	0	0	0	0	0	0	0	0	0	0	0	0	0	0	0	0	15	0	0	0	0	0	0	0	0	0	0	0	0	0	0	0	0	0	0	0	0	0	0	0	0	0	0	0	0	0	0	0	0	0	0	0	0	0	0	0	0	0	0	0	0	0	0	0	0	0	0	0	0	0	0	0	0	0	0	0	0	0
Eukaryota;Chordata;Aves;Anseriformes;Anatidae;Anas;	0	0	0	0	1	0	0	149	0	0	0	0	0	0	0	0	0	0	0	0	0	0	0	0	0	0	0	0	0	0	0	0	0	0	0	0	0	0	0	1	0	0	0	0	0	0	0	0	0	0	0	0	0	0	0	0	0	0	0	0	0	0	0	4	207	0	1	0	0	0	20	345	3	1	3	1	0	0	2	0	7	0	1833	0	0	0	0	0	0	0	0	0	0	0	0	0	0	0	0	0	0	0	0	0	0	0	0	0	0	0	3	0	0	0	0	0	0	0	0	0	0	0	0	0	0	0	0	0	0
Eukaryota;Chordata;Aves;Anseriformes;Anatidae;NA;	0	0	0	22	222	0	0	1	0	0	21	150	0	0	47	21	0	0	0	0	130	90	0	0	0	0	0	0	0	376	0	0	0	0	41	0	0	64	17	542	237	0	0	9	33	0	0	0	0	0	113	0	407	19	0	0	55	594	0	0	117	18	24	4069	545	0	653	1660	0	0	8061	1	872	541	3706	486	144	0	2330	0	3029	1298	10	0	112	77	284	156	50	395	229	0	72	0	0	0	0	1	178	142	0	74	1	12	0	35	374	22	0	0	106	0	16	131	0	130	0	0	0	50	31	0	38	240	0	0	11	12	77
Eukaryota;Chordata;Aves;Anseriformes;Anatidae;Nomonyx;Nomonyx dominica	0	0	0	0	0	0	0	0	0	0	0	0	0	0	0	0	0	0	0	0	0	0	0	0	0	0	0	0	0	2	0	0	0	0	0	0	0	0	0	0	0	0	0	0	0	0	0	0	0	0	0	0	0	0	0	0	0	7	0	0	0	0	0	21	0	0	0	0	0	0	2	0	2	0	15	0	0	0	0	0	0	1	3	0	0	0	0	0	0	0	0	0	0	0	0	0	0	0	0	0	0	0	0	0	0	0	0	0	0	0	0	0	0	0	0	0	0	0	0	0	0	0	0	0	0	0	0	0	0
Eukaryota;Chordata;Aves;Apodiformes;Trochilidae;NA;	0	0	0	0	0	0	0	0	0	0	0	0	0	0	0	0	0	0	0	0	0	0	0	0	0	0	0	0	0	0	0	0	0	0	0	0	0	0	0	0	0	0	0	0	0	0	0	0	0	0	0	0	0	0	0	0	0	0	0	0	0	0	0	0	0	0	0	0	0	0	0	0	0	0	0	0	0	0	0	0	8	0	0	0	0	0	0	0	0	0	0	0	0	0	0	0	0	0	0	0	0	0	0	0	0	0	0	0	2	0	0	0	0	11	0	0	0	0	0	0	0	0	0	0	0	0	0	0	0
Eukaryota;Chordata;Aves;Charadriiformes;Laridae;NA;	0	0	0	0	0	0	0	0	0	0	0	0	0	0	0	14	0	0	0	0	46	0	0	0	0	0	1	0	0	42	0	0	0	0	0	0	0	0	0	0	0	0	0	941	0	0	0	0	0	0	23	0	0	0	0	0	1	0	0	0	0	0	0	0	0	0	0	91	0	0	0	0	0	0	0	0	0	0	0	0	0	0	0	0	0	0	0	0	0	0	0	0	0	0	7	15	0	0	8882	3706	22	0	0	0	0	453	0	0	0	0	222	0	42	47	69	715	134	687	0	0	0	0	0	0	0	0	0	0	0
Eukaryota;Chordata;Aves;Charadriiformes;NA;;	0	0	0	0	0	0	0	1	0	0	0	0	0	0	0	0	0	0	0	0	0	0	0	0	0	0	0	0	0	0	0	0	0	0	0	0	0	0	0	0	0	0	0	0	0	0	0	0	0	0	0	0	0	0	0	0	0	0	0	0	0	0	0	0	0	0	0	0	0	0	0	0	0	0	0	0	0	0	0	0	0	0	0	0	0	0	0	0	0	0	0	0	0	0	1	0	0	0	13	3	0	0	0	0	0	0	0	0	0	0	0	0	0	1	0	2	0	1	0	0	0	0	0	1	0	0	0	0	0
Eukaryota;Chordata;Aves;Charadriiformes;Recurvirostridae;NA;	0	0	0	0	0	0	0	30	0	0	0	0	0	0	0	0	0	0	0	0	0	0	0	0	0	0	0	0	0	0	0	0	0	8	0	0	0	0	0	0	0	0	0	0	0	0	0	0	0	0	0	0	0	0	0	0	0	0	0	0	0	0	0	0	0	0	0	0	0	0	0	0	0	0	0	0	0	0	0	0	0	0	0	0	0	0	0	0	0	0	0	0	0	0	0	0	0	0	0	0	0	0	0	0	0	0	0	0	0	0	0	0	0	0	0	0	0	0	0	0	0	0	0	64	0	0	0	0	0
Eukaryota;Chordata;Aves;Charadriiformes;Scolopacidae;Gallinago;	0	0	0	0	0	0	0	0	0	0	0	0	0	0	0	0	0	0	0	0	0	0	0	0	0	0	0	0	0	0	0	0	0	0	0	0	0	0	0	0	0	0	0	0	0	0	0	0	0	0	0	0	0	0	0	0	0	0	0	0	0	0	0	62	0	0	0	0	0	0	0	0	0	0	0	0	0	0	0	0	0	0	0	0	0	0	0	0	26	0	0	0	0	0	0	0	0	0	0	0	0	0	0	0	0	0	0	0	0	0	0	0	0	0	0	0	0	0	0	0	0	0	0	0	0	0	0	0	0
Eukaryota;Chordata;Aves;Charadriiformes;Scolopacidae;NA;	0	0	0	0	0	0	0	0	0	0	0	0	0	0	0	0	0	0	0	0	0	0	0	0	0	0	0	0	0	0	0	0	0	0	0	0	0	0	0	0	0	0	0	0	0	0	0	0	0	0	0	0	0	0	0	0	0	71	0	0	0	0	0	0	0	0	0	0	0	0	0	0	0	0	0	0	0	0	0	0	0	0	0	0	0	0	0	0	0	631	0	0	0	0	0	0	0	0	1	0	0	0	0	0	0	0	0	0	0	0	0	0	0	0	0	20	0	0	0	19	0	0	105	139	534	0	0	0	0
Eukaryota;Chordata;Aves;Columbiformes;Columbidae;Columba;	0	0	0	0	0	0	0	0	0	0	0	26	0	0	32	20	0	0	0	253	0	0	0	16	0	0	0	0	0	0	0	21	0	0	0	0	0	0	0	0	0	0	0	0	0	0	0	0	0	0	0	170	14	0	40	0	25	0	0	65	0	0	0	0	0	313	0	0	6	0	19	0	0	0	0	0	0	20	0	0	0	0	1635	0	0	0	0	0	0	43	0	0	0	0	0	4	0	0	11	16	0	20	0	0	17	0	0	0	284	0	0	0	0	12	0	67	0	0	0	0	0	0	0	407	2217	0	0	0	0
Eukaryota;Chordata;Aves;Columbiformes;Columbidae;NA;	0	0	0	0	0	0	0	0	0	0	0	0	0	0	0	0	0	0	0	1	0	0	0	0	0	0	0	0	0	0	0	0	0	0	0	0	0	0	0	0	0	0	0	0	0	0	0	0	0	0	0	3	0	0	3	0	1	0	0	0	0	0	0	0	0	6	0	0	0	0	4	0	1	0	372	0	0	0	0	4	0	0	1	0	0	0	0	1	0	0	15	0	0	0	0	1	0	0	0	0	0	164	0	0	98	0	0	0	1	0	0	0	0	0	0	1	0	0	0	0	0	0	0	1	3	0	2	0	0
Eukaryota;Chordata;Aves;Columbiformes;Columbidae;Patagioenas;	0	0	0	0	0	0	0	0	0	0	0	0	0	0	0	0	0	0	0	0	0	0	0	0	0	0	0	0	0	0	0	0	0	0	0	0	0	0	0	0	0	0	0	0	0	0	0	0	0	14	0	0	0	0	0	0	0	0	0	0	0	0	0	0	0	459	0	0	0	0	0	16	80	14	85	0	0	0	24	0	0	35	0	0	0	0	0	56	0	0	0	0	0	0	0	0	0	0	0	0	0	0	0	0	0	0	0	0	0	0	0	0	0	0	0	0	0	0	0	0	0	0	0	0	0	0	0	0	6
Eukaryota;Chordata;Aves;Galliformes;Phasianidae;Gallus;Gallus gallus	0	52	0	5438	79	1496	1833	0	0	0	1	0	17	0	19	1	0	0	0	0	72	77	38	0	0	0	0	0	0	183	0	0	0	734	0	0	0	0	0	0	0	22	0	7	0	0	0	0	0	162	973	1	0	12	0	0	0	0	111	4127	46	0	0	0	0	10	0	492	0	0	53	0	0	0	0	0	43	48	0	0	0	0	0	0	20	0	0	13	0	27	46	0	0	0	0	0	0	0	1003	3202	0	234	0	91	22	391	0	0	0	11	20	0	37	41	0	360	185	60	13	3	0	13	0	0	0	0	0	0	0
Eukaryota;Chordata;Aves;Galliformes;Phasianidae;NA;	0	0	0	3	0	0	0	0	0	0	0	0	0	0	0	0	5	0	0	0	0	12	0	0	0	0	0	0	0	0	0	0	0	19	0	0	0	0	0	0	0	0	0	0	0	0	0	0	0	0	0	0	0	0	22	0	0	0	0	2	34	0	0	0	0	0	0	455	0	12	0	0	0	0	0	0	0	0	0	0	0	0	0	0	0	0	0	0	0	0	0	0	0	0	0	0	0	0	2	0	0	0	0	0	0	0	0	0	0	0	0	0	13	0	0	0	1	0	15	0	0	0	0	143	17	0	0	0	0
Eukaryota;Chordata;Aves;Gruiformes;Rallidae;Fulica;	0	0	0	0	0	0	0	57	0	0	0	175	0	0	1	0	0	0	0	778	1	0	0	0	0	0	0	0	0	0	0	0	0	0	0	0	0	0	0	0	0	0	0	0	544	0	0	0	0	0	0	0	0	0	0	0	0	71	0	0	0	0	0	1	0	0	282	3	0	0	0	0	0	0	0	0	0	0	1	0	0	0	0	0	0	0	57	0	0	0	0	0	0	0	0	193	0	0	0	0	0	0	0	0	0	0	0	0	0	1	1	0	0	1	0	74	0	0	0	0	0	0	0	10	0	0	0	0	0
Eukaryota;Chordata;Aves;Gruiformes;Rallidae;Fulica;Fulica americana	0	0	0	0	362	0	0	454	37	0	237	223	7	0	130	162	0	0	0	7935	465	72	70	0	0	0	0	0	3	42	0	8	0	301	0	0	0	0	0	0	62	0	0	0	158	0	0	124	0	0	109	110	56	0	5	0	0	0	163	0	0	23	0	121	0	0	3240	1691	0	0	58	0	0	0	0	0	0	323	420	0	0	0	0	0	28	5	0	0	0	55	0	0	0	0	36	282	115	0	36	29	0	194	0	0	0	34	10	597	132	3588	100	0	73	174	0	182	9	55	0	0	0	0	81	653	19	0	0	0	0
Eukaryota;Chordata;Aves;NA;;NA;	0	0	0	8	8	1	0	9	1	0	3	3	0	0	3	10	0	0	0	68	19	2	5	1	0	0	0	0	3	1	0	1	0	5	0	0	0	0	0	0	0	7	0	3	11	0	0	0	0	11	2	3	0	8	0	0	1	1	4	35	0	5	0	3	0	0	63	36	0	0	69	0	0	0	5	7	6	3	3	0	2	1	2	0	0	0	0	2	0	9	1	986	0	0	0	9	2	0	27	6	0	70	0	7	0	3	0	10	4	37	3	0	2	8	0	7	0	3	0	0	0	0	2	40	9	0	0	0	0
Eukaryota;Chordata;Aves;Passeriformes;Aegithalidae;Aegithalos;	0	0	0	0	0	0	0	0	0	0	0	0	0	0	0	0	0	0	0	0	0	0	30	0	0	0	0	0	0	0	0	0	0	0	0	0	0	0	0	0	0	0	9	0	0	0	0	0	0	0	0	0	0	0	0	0	0	0	0	0	0	0	0	0	0	0	0	0	0	0	0	0	0	23	0	0	0	0	0	0	0	0	0	0	0	0	0	0	0	0	0	0	0	0	0	0	0	0	0	0	0	0	0	0	0	0	0	0	0	0	0	0	0	0	0	0	0	0	0	0	0	0	0	0	0	0	0	0	0
Eukaryota;Chordata;Aves;Passeriformes;Corvidae;Corvus;	0	0	0	0	0	0	0	0	0	0	0	0	0	0	0	0	0	0	0	0	2	0	0	0	0	0	0	0	0	0	0	0	0	0	0	0	0	0	0	0	0	0	0	0	0	0	0	0	0	0	0	0	0	0	0	4	0	0	0	88	0	0	0	0	0	0	0	0	0	0	0	0	0	0	0	0	0	0	0	0	0	0	0	0	0	0	0	14	0	0	36	0	0	0	0	0	0	0	0	0	0	0	0	0	0	0	0	0	4	0	0	0	0	0	0	0	0	0	0	0	0	0	78	68	0	0	0	0	0
Eukaryota;Chordata;Aves;Passeriformes;Fringillidae;NA;	0	0	0	0	0	0	0	0	0	0	0	3	0	0	0	0	0	0	0	0	0	0	0	0	0	0	0	0	0	1	0	0	0	0	0	0	0	0	0	0	0	0	0	0	0	0	0	0	0	0	0	0	0	0	0	0	0	0	0	0	0	0	0	0	0	0	0	0	0	0	0	0	0	0	0	0	0	0	0	0	0	0	0	0	0	0	0	0	0	16	0	0	0	0	0	0	0	0	0	0	0	0	0	0	0	0	0	26	0	0	0	0	0	0	0	0	0	0	0	0	0	0	0	2	0	0	0	0	0
Eukaryota;Chordata;Aves;Passeriformes;NA;;	0	0	0	0	0	0	0	0	0	0	0	75	0	0	0	19	0	0	0	0	21	0	0	0	0	0	39	0	0	32	0	6	0	145	0	0	0	0	0	0	0	0	32	0	0	0	0	0	0	1	112	0	26	14	0	0	1	0	32	1	6	0	0	41	0	5	0	0	0	0	0	0	0	0	0	0	0	100	0	0	189	0	0	0	0	9	0	304	0	1	7	0	0	0	0	0	0	30	0	47	0	16	0	3	102	0	0	1218	0	0	21	0	0	0	0	0	0	0	0	0	0	0	0	36	1	0	0	0	0
Eukaryota;Chordata;Aves;Passeriformes;Sturnidae;NA;	0	0	0	0	0	0	0	0	0	0	0	29	0	0	0	0	0	0	0	0	0	0	0	0	0	0	0	0	0	0	0	0	0	0	0	0	0	0	0	0	0	0	0	0	0	0	0	0	0	0	0	0	0	0	0	0	0	0	0	0	0	0	0	174	0	0	0	0	0	0	0	0	0	0	0	0	0	45	0	0	0	0	0	0	0	0	0	0	0	0	0	0	0	0	0	0	0	0	0	0	0	0	0	0	0	0	0	0	0	0	0	0	0	0	0	0	0	0	0	0	0	0	0	0	0	0	0	0	0
Eukaryota;Chordata;Aves;Passeriformes;Sylviidae;Regulus;Regulus calendula	0	0	0	0	0	0	0	0	0	0	0	0	0	0	0	19	0	0	0	0	31	7	0	0	0	0	0	0	0	0	0	349	0	0	0	0	0	0	0	0	0	0	0	0	0	0	0	0	0	0	0	0	0	0	0	0	0	0	0	0	0	0	0	0	0	0	0	0	0	0	0	0	0	0	0	0	0	0	0	0	0	0	0	0	0	0	0	12	0	0	0	0	0	0	0	0	0	0	0	0	0	0	0	0	0	0	0	0	0	0	0	0	0	0	0	0	0	0	0	0	0	0	0	0	0	0	0	0	0
Eukaryota;Chordata;Aves;Passeriformes;Turdidae;NA;	0	0	0	0	0	0	0	0	0	0	0	0	0	0	0	0	0	0	0	0	0	0	0	0	0	0	0	0	0	0	0	0	0	0	0	0	0	0	0	0	0	0	0	0	0	0	0	0	0	0	0	0	0	0	0	0	0	0	0	0	0	0	0	0	0	284	0	0	0	0	0	0	113	0	72	0	0	0	0	0	0	0	0	0	0	0	0	0	0	0	0	0	0	0	0	0	0	0	0	0	0	0	0	0	0	0	0	0	0	0	0	0	0	0	0	0	0	0	0	0	0	0	0	0	0	0	0	0	0
Eukaryota;Chordata;Aves;Pelecaniformes;Pelecanidae;Pelecanus;	0	0	0	0	0	0	0	1	0	0	0	0	0	0	0	0	0	0	0	3	0	0	0	0	0	0	0	0	0	0	0	0	0	0	0	0	0	0	0	0	0	0	0	0	0	0	0	0	0	0	0	0	0	0	0	0	0	0	0	0	0	0	0	0	0	0	4	4	0	0	1	0	0	0	0	0	0	0	3	0	0	0	0	0	0	3	0	0	0	0	0	0	0	0	0	0	0	0	0	0	0	1	0	0	0	0	0	0	0	6	0	0	0	0	0	0	0	0	0	0	0	0	0	0	0	0	0	0	0
Eukaryota;Chordata;Aves;Pelecaniformes;Phalacrocoracidae;NA;	0	0	0	0	0	0	0	0	12	0	0	0	0	0	0	10	0	0	0	0	15	0	0	0	0	0	0	0	0	99	0	0	0	0	0	0	0	0	0	0	0	0	0	0	0	0	0	0	0	16	0	0	0	0	0	0	0	0	0	0	0	0	0	0	0	0	0	0	0	0	0	0	0	0	0	0	0	0	0	0	0	0	0	0	18	0	0	0	0	0	0	0	0	0	0	0	0	0	0	0	0	297	0	8	0	0	0	0	0	0	0	0	0	0	0	18	0	0	0	0	0	0	0	0	0	0	0	0	0
Eukaryota;Chordata;Aves;Procellariiformes;NA;;	0	0	0	0	0	0	0	0	0	0	0	0	0	0	0	0	0	0	0	6	0	0	0	0	0	0	0	0	1	0	0	0	0	0	0	0	0	0	0	0	0	0	0	0	0	0	0	10	0	0	0	0	0	0	1	0	0	0	0	0	0	0	0	0	0	0	1	0	0	0	0	0	0	0	0	0	0	10	0	0	0	0	0	0	0	0	0	0	0	0	0	0	0	0	0	0	0	0	0	0	0	1	0	0	0	0	0	2	0	10	0	0	0	0	0	0	0	0	0	0	0	0	0	2	0	0	0	0	0
Eukaryota;Chordata;Mammalia;Carnivora;Canidae;Canis;Canis lupus	59	528	1824	0	23	0	0	0	0	0	69	110	0	0	33	37	0	0	0	0	26	90	0	38	0	0	0	0	0	154	59	590	0	195	0	0	0	0	0	0	267	0	0	18	6	5	0	0	0	0	79	157	19	0	16	0	1	37	65	43	34	0	0	20	0	282	24	0	0	0	5	17	0	45	25	0	101	51	0	1	289	84	15	6	0	34	60	1	0	36	69	0	0	0	0	0	0	0	16	0	0	181	0	29	125	0	0	0	191	0	8	0	300	9	0	0	0	0	0	0	0	0	0	0	0	0	4	0	7
Eukaryota;Chordata;Mammalia;Carnivora;Felidae;Felis;	0	0	0	0	0	0	0	0	0	0	0	0	0	120	16	11	0	0	0	0	0	0	0	0	0	0	0	146	0	0	0	0	0	0	0	0	0	16	0	0	0	0	0	0	0	0	0	0	0	0	21	0	0	0	40	0	2	169	0	0	26	0	0	0	0	0	0	48	0	0	0	0	0	0	0	0	0	0	0	0	0	0	0	0	14	0	0	0	0	0	0	0	0	0	0	0	0	0	0	0	0	43	0	0	0	0	0	0	0	0	0	0	0	0	0	0	0	0	0	0	0	0	0	0	0	0	0	0	0
Eukaryota;Chordata;Mammalia;Carnivora;Felidae;NA;	0	0	0	0	0	0	0	0	0	0	0	0	0	2	0	0	0	0	0	0	0	0	0	0	0	0	0	2	0	224	0	0	0	42	0	0	0	0	0	0	111	0	0	0	0	0	0	0	0	0	1	0	0	0	0	0	0	0	0	0	0	0	0	0	0	0	0	0	0	0	0	0	0	0	0	0	87	12	0	0	0	0	0	0	1	0	0	0	0	0	0	0	0	0	0	0	0	0	6	0	0	0	0	1	0	4	0	5	0	0	0	0	0	0	0	0	0	0	0	0	0	0	0	0	0	0	0	0	0
Eukaryota;Chordata;Mammalia;Carnivora;Mephitidae;Mephitis;Mephitis mephitis	0	0	0	0	0	0	0	0	0	0	0	0	0	0	0	0	0	0	0	0	0	0	0	0	0	0	0	0	0	0	0	0	0	0	0	0	0	0	0	0	0	0	0	0	1	0	0	0	0	0	0	0	0	0	0	0	0	0	0	0	0	0	0	0	0	0	0	0	0	0	0	0	0	0	0	0	0	22	0	0	0	0	0	0	0	0	0	0	0	45	0	0	0	0	0	0	0	0	0	0	0	0	0	0	0	0	0	0	0	0	0	0	0	0	0	0	0	0	0	0	0	0	0	0	0	0	0	0	0
Eukaryota;Chordata;Mammalia;Carnivora;Procyonidae;Procyon;Procyon lotor	0	0	0	0	0	0	0	0	0	0	0	0	0	0	12	3	0	0	0	0	22	0	0	0	0	0	0	0	0	0	92	0	0	20	0	0	0	0	0	0	0	0	0	0	0	0	0	0	0	690	39	0	69	0	0	0	0	0	0	17	0	0	0	0	1206	111	239	72	0	0	143	0	0	0	2	0	0	0	0	0	108	0	0	0	0	0	0	23	0	0	0	0	0	0	0	0	0	0	0	0	0	0	0	8	53	6	0	0	0	0	26	0	0	9	0	0	0	0	0	0	0	0	0	0	0	0	0	0	0
Eukaryota;Chordata;Mammalia;Didelphimorphia;Didelphidae;Didelphis;Didelphis virginiana	0	0	0	0	0	0	0	0	0	0	0	0	0	0	15	83	0	0	0	0	42	13	18	0	0	0	0	0	0	18	0	174	0	9	0	0	0	0	8	0	0	0	29	0	0	0	0	0	0	0	53	0	0	0	0	0	0	0	0	0	0	0	0	0	0	0	135	748	0	0	0	0	0	0	18	0	0	0	0	0	0	90	0	0	0	0	0	0	0	0	0	0	0	0	0	0	0	0	0	0	0	0	0	0	17	0	0	0	0	0	0	0	8	0	0	0	0	0	0	0	0	0	0	0	0	0	0	0	0
Eukaryota;Chordata;Mammalia;Didelphimorphia;Didelphidae;NA;	0	0	0	0	0	0	0	0	0	0	0	0	0	0	0	2	0	0	0	0	0	0	1	0	0	0	0	0	0	1	0	1	0	0	0	0	0	0	0	0	0	0	0	0	0	0	0	0	0	0	0	0	0	0	0	0	0	0	0	0	0	0	0	0	0	10	1	8	0	0	0	0	0	0	2	0	0	0	0	0	0	1	0	0	0	0	0	0	0	0	0	0	0	0	0	0	0	0	0	0	0	0	0	0	0	0	0	0	0	0	0	0	0	3	0	0	0	0	0	0	0	0	0	0	0	0	0	0	0
Eukaryota;Chordata;Mammalia;Diprotodontia;NA;;	0	0	0	0	0	0	0	0	0	0	0	0	0	0	0	0	0	0	0	0	0	0	0	0	0	0	0	0	0	3	0	0	0	0	0	0	0	0	0	0	5	0	0	0	0	0	0	0	0	0	0	0	0	0	0	0	0	2	0	0	2	0	0	2	0	0	0	0	0	0	0	0	0	1	2	0	0	0	0	0	0	0	0	0	0	0	0	0	3	0	0	0	0	0	0	0	0	0	0	0	0	0	0	0	0	0	0	0	0	0	0	0	0	0	0	0	0	0	0	0	0	0	0	0	0	0	0	0	0
Eukaryota;Chordata;Mammalia;Lagomorpha;Leporidae;Sylvilagus;	0	0	0	0	0	0	0	0	0	0	0	0	0	0	119	90	0	0	0	0	137	20	28	10	0	0	0	0	6	0	2	0	0	0	0	0	0	0	0	0	0	0	0	0	0	0	0	0	0	0	0	0	0	0	0	0	0	0	0	0	0	0	0	0	0	0	0	58	0	0	0	0	0	0	56	70	0	0	0	0	0	0	0	0	25	0	0	0	0	0	0	0	22	0	0	0	0	0	0	0	0	0	0	0	0	17	9	0	0	0	0	0	0	0	0	0	0	0	0	0	0	0	0	0	0	0	0	0	0
Eukaryota;Chordata;Mammalia;NA;;NA;	0	0	1	0	0	0	0	0	0	0	0	0	0	0	0	0	0	0	0	0	0	0	0	0	0	0	0	1	0	10	0	0	0	0	0	0	0	0	0	0	1	0	0	0	2	0	0	0	0	6	1	0	0	0	0	0	1	0	0	1	0	0	0	1	0	1	1	3	0	0	0	0	0	0	11	0	0	0	0	0	1	0	0	9	0	0	7	0	0	0	0	0	0	0	0	0	0	0	3	4	1	9	0	3	0	0	1	0	0	0	0	0	0	0	0	0	0	0	0	0	0	0	0	0	0	0	0	0	0
Eukaryota;Chordata;Mammalia;NA;Bovidae;Bos;Bos taurus	0	0	0	3	16	0	0	0	0	0	0	0	0	0	14	8	0	0	0	0	22	188	0	0	0	73	0	0	0	352	203	22	25	462	0	0	0	0	0	0	85	0	8	6	6	0	0	35	0	51	109	0	0	16	23	0	2	243	545	742	1145	0	164	952	0	22	228	463	0	25	38	0	21	85	1285	402	0	183	0	0	0	28	70	23	0	0	0	1	118	0	8	0	0	0	0	54	31	0	325	178	6	0	0	230	0	37	185	0	0	0	36	0	15	72	0	10	7	12	37	0	0	40	11	0	0	0	0	0	0
Eukaryota;Chordata;Mammalia;NA;Bovidae;Capra;Capra sibirica	0	0	0	0	0	1	0	0	0	0	0	0	0	1	0	0	1	0	0	0	0	0	0	1	0	0	0	1	0	0	0	0	0	0	0	1	0	1	1	0	0	1	0	0	0	0	0	0	3	0	0	0	0	1	0	0	0	0	0	2	0	0	0	0	0	1	4	0	0	1	0	0	0	0	0	0	0	1	0	1	0	0	0	2	2	0	2	0	0	0	0	0	0	0	1	0	0	0	0	1	0	1	0	2	0	0	0	0	2	0	0	0	0	0	1	0	0	0	0	0	0	1	0	1	0	0	0	0	0
Eukaryota;Chordata;Mammalia;NA;Bovidae;NA;	0	0	0	0	0	0	0	0	0	0	0	0	0	0	0	1	0	0	0	0	0	18	0	0	0	0	0	0	0	0	0	0	0	0	0	0	0	0	0	0	0	0	0	0	0	0	0	0	0	0	0	0	0	0	0	0	0	0	0	0	0	0	0	0	0	0	0	0	0	0	0	0	0	0	0	0	0	4	0	0	0	0	0	0	0	0	0	0	0	0	0	0	0	0	0	0	0	0	0	0	0	0	0	1	0	0	0	0	0	0	0	0	0	0	0	0	0	0	0	0	0	0	0	0	0	0	0	0	0
Eukaryota;Chordata;Mammalia;NA;Suidae;Sus;Sus scrofa	9	0	0	1	120	0	0	0	0	0	0	0	0	0	0	0	0	0	0	0	0	45	0	0	0	0	0	0	0	213	0	373	7	209	0	0	0	22	0	0	113	0	0	0	0	0	0	0	0	9	0	0	0	0	0	0	2	0	21	154	28	0	0	0	0	7	92	44	0	0	0	0	0	0	0	0	85	34	0	9	0	0	0	0	0	0	0	13	0	133	25	0	0	0	0	10	0	0	1836	1216	14	0	0	22	87	142	0	0	0	0	0	0	12	56	39	110	0	14	0	0	0	0	0	0	0	0	0	0	0
Eukaryota;Chordata;Mammalia;Primates;Hominidae;Homo;Homo sapiens	73	342	4020	11	288	653	7	24	40	40	148	272	0	0	8	77	44	137	40	2000	311	715	105	26	32	6	161	8	60	356	259	306	12019	282	12	12	38	15	14	0	55	64	40	22	188	303	0	122	247	558	61	155	4	62	78	1352	105	88	417	927	110	0	3905	88	0	249	376	244	553	141	55	16	161	11	413	10	690	411	204	8	213	288	383	270	8	31	123	48	32	7	120	0	0	88	12	341	121	0	231	212	0	239	99	38	240	104	2123	319	8	3305	134	21	48	58	23	892	25	83	0	81	26	20	0	224	47	216	21	84	405
Eukaryota;Chordata;Mammalia;Primates;Hominidae;NA;	0	0	0	0	0	0	0	0	0	0	0	0	0	0	0	0	0	0	0	0	0	0	0	0	0	0	0	0	0	1	0	0	0	0	0	6	0	0	0	0	0	0	0	0	0	0	0	0	0	0	0	0	0	0	0	4	0	0	0	1	0	0	0	0	0	0	0	0	0	0	0	0	0	0	0	0	0	0	0	0	0	0	0	0	0	0	0	0	0	0	0	0	0	0	0	0	0	0	0	0	0	0	0	0	0	0	24	0	0	472	0	0	0	0	0	0	0	0	0	0	0	0	0	0	0	0	0	0	0
Eukaryota;Chordata;Mammalia;Primates;Hominidae;Pan;	0	0	0	0	0	0	0	0	0	0	0	1	0	0	0	0	0	0	0	0	0	0	0	0	0	0	0	0	0	0	0	0	0	0	0	0	0	0	0	0	0	0	0	0	0	0	0	0	0	0	0	0	0	0	0	2087	0	0	0	0	0	0	0	0	0	0	0	0	0	0	0	0	0	0	0	0	0	0	0	0	0	0	0	0	0	0	0	0	0	0	0	0	0	0	0	0	0	0	0	0	0	0	0	0	70	0	1	0	0	0	0	0	0	0	0	0	0	0	0	0	0	0	0	0	0	0	0	0	0
Eukaryota;Chordata;Mammalia;Primates;Indriidae;Avahi;Avahi laniger	0	0	0	0	0	2	0	0	1	0	0	0	0	1	0	1	0	0	0	0	0	0	0	0	1	0	0	0	2	0	0	0	0	0	2	1	0	2	1	0	0	1	1	0	0	1	1	0	0	1	0	2	0	2	0	1	0	0	0	0	0	1	0	0	0	1	3	0	2	0	0	0	0	1	0	0	0	0	1	0	0	0	1	1	0	3	1	2	0	0	0	1	1	3	0	0	0	9	1	0	0	0	0	1	0	0	2	0	1	0	0	0	0	0	0	0	0	0	0	0	0	4	1	1	0	0	0	0	0
Eukaryota;Chordata;Mammalia;Primates;NA;;	0	0	0	0	0	0	0	0	0	0	0	0	0	0	0	0	0	0	0	0	0	0	0	0	0	0	0	0	0	0	0	0	0	0	0	0	0	0	0	0	0	0	0	0	0	0	0	0	0	0	0	0	0	0	0	0	0	0	0	0	0	0	0	0	0	0	0	0	0	0	0	0	0	0	0	0	0	0	0	0	0	0	0	5	0	0	0	0	0	0	0	0	0	0	0	0	0	0	0	0	0	1	0	0	0	0	30	1	0	0	0	0	0	0	0	0	0	0	0	0	0	0	0	0	0	0	0	4	0
Eukaryota;Chordata;Mammalia;Rodentia;Cricetidae;Neotoma;Neotoma macrotis	0	11	0	0	0	0	0	0	0	0	0	0	0	0	0	0	0	0	0	0	0	0	0	0	0	0	0	0	0	52	0	0	0	0	0	0	0	0	0	0	21	0	0	0	0	0	0	0	0	0	23	0	40	0	0	0	0	0	0	0	0	0	0	0	0	0	112	0	0	0	18	0	0	0	0	0	0	0	0	0	0	0	0	0	0	0	0	0	0	0	0	0	0	0	0	0	0	0	0	0	0	0	0	0	0	0	0	0	0	0	0	0	0	0	0	0	0	0	0	0	0	0	0	40	0	0	0	0	0
Eukaryota;Chordata;Mammalia;Rodentia;Muridae;Mus;Mus musculus	0	0	0	0	0	0	0	0	0	0	11	0	0	0	0	0	0	0	0	0	12	0	0	0	0	0	0	0	0	0	0	0	0	0	0	0	0	0	0	0	0	0	0	0	0	0	0	0	0	0	1	0	0	0	0	0	0	0	756	0	66	0	0	180	0	0	0	16	0	0	0	0	0	0	154	0	0	66	0	0	0	0	0	12	0	0	0	0	0	0	0	0	0	0	0	0	0	0	11	0	0	0	0	8	0	0	0	0	0	0	0	0	0	0	0	0	0	0	0	0	0	0	0	0	0	0	0	0	0
Eukaryota;Chordata;Mammalia;Rodentia;Muridae;Rattus;	0	0	0	63	116	0	0	0	0	0	0	3	0	0	30	15	0	0	0	0	21	2	26	0	0	0	0	9	0	54	27	446	0	508	5	0	0	0	0	0	0	0	0	0	16	0	0	0	0	0	19	446	0	0	0	0	0	0	0	248	0	0	0	0	0	0	9	54	0	0	0	2	10	0	0	0	0	0	0	0	144	61	56	0	0	0	0	0	0	0	0	0	0	115	0	0	0	0	15	0	0	138	0	0	0	17	0	0	0	62	0	0	0	86	0	0	0	0	0	0	0	0	0	22	0	0	0	0	0
Eukaryota;Chordata;Mammalia;Rodentia;Muridae;Rattus;Rattus norvegicus	0	0	0	0	0	0	0	0	0	0	33	146	0	0	12	0	0	0	0	0	0	0	0	0	0	0	0	0	0	0	0	0	0	0	0	0	0	0	0	0	0	0	0	0	10	0	0	0	0	47	0	0	0	0	0	0	0	0	98	476	0	0	0	0	0	0	0	0	0	0	0	0	0	0	0	0	0	112	0	0	0	0	0	0	0	0	0	0	0	0	12	0	0	0	0	0	0	0	0	0	0	0	0	0	18	0	0	0	0	0	12	0	0	0	0	0	0	0	0	0	0	0	0	0	0	0	0	0	0
Eukaryota;Chordata;Mammalia;Rodentia;Sciuridae;NA;	0	0	0	0	0	0	0	0	0	0	0	0	0	0	0	0	0	0	0	0	0	0	0	0	0	0	0	0	0	0	0	0	0	0	0	0	0	0	0	0	0	0	0	0	0	0	0	0	0	0	0	0	0	0	0	0	99	0	0	0	0	0	0	0	0	27	0	0	0	0	0	0	0	0	0	1	0	0	0	0	1	0	0	0	0	0	0	0	0	0	1	0	0	0	0	0	0	0	0	0	0	0	0	0	0	0	107	0	0	3	0	0	0	0	0	0	0	0	0	0	0	0	0	0	0	0	0	0	0
Eukaryota;Chordata;Mammalia;Rodentia;Sciuridae;Sciurus;	0	0	0	0	0	0	0	0	0	0	0	0	0	0	47	19	0	0	0	0	29	0	0	0	0	0	0	0	26	160	0	0	0	644	0	0	0	0	0	0	103	0	0	0	0	0	0	0	0	51	28	0	0	8	0	0	2035	77	0	123	11	0	0	19	0	534	0	203	0	0	10	0	59	0	81	9	0	0	0	0	201	0	57	0	0	7	185	44	0	55	25	0	0	0	0	0	0	0	0	17	0	422	0	35	0	49	171	3	14	735	0	0	0	23	0	11	0	0	0	0	0	0	0	0	0	0	0	0	0
Eukaryota;Chordata;NA;;NA;;	0	2	1	1	7	3	0	0	2	1	0	0	0	1	3	27	0	0	0	2	2	0	1	11	2	37	7	0	2	20	1	1	0	6	1	3	26	23	0	13	8	0	1	5	0	0	32	0	1	8	1	0	0	112	0	6	3	14	6	47	0	12	0	8	9	0	45	11	5	1	0	1	0	0	0	1	13	3	1	0	2	2	4	1	6	0	1	0	0	0	0	13	1	1	0	2	2	9	1	0	0	1	196	22	0	1	0	1	14	0	2	0	0	0	25	0	0	6	8	0	0	4	0	1	0	0	0	1	0
Eukaryota;NA;;NA;;NA;	0	0	0	0	1	0	0	0	0	0	0	0	0	0	0	0	0	0	0	0	1	0	0	0	0	0	0	0	0	0	0	1	0	0	1	0	0	0	0	0	0	0	0	0	0	0	1	0	0	0	0	0	0	0	0	0	0	0	0	0	0	0	0	0	0	6	0	0	0	0	0	1	0	0	0	0	0	0	0	0	0	0	0	0	0	0	0	0	0	1	0	0	0	1	0	0	0	0	0	42	0	0	1	0	0	0	0	0	0	1	0	1	0	4	0	0	0	0	0	0	0	2	0	1	0	0	0	0	1
